16:16:28	1740950188.7785685	0	71.0	73.0	71.0	73.0	72.0	73.0	75.0	-1	71.0	73.0	72.8	
16:16:28	1740950188.8115642	1	71.0	75.0	71.0	73.0	74.0	71.0	-1	-1	78.0	74.0	72.8	
16:16:33	1740950193.1261768	0	71.0	73.0	71.0	73.0	72.0	73.0	75.0	-1	71.0	73.0	72.6	
16:16:33	1740950193.1600957	1	71.0	75.0	71.0	73.0	74.0	71.0	-1	-1	78.0	74.0	72.8	
16:17:03	1740950223.1148908	0	71.0	73.0	71.0	73.0	72.0	73.0	75.0	-1	71.0	73.0	72.6	
16:17:03	1740950223.1421568	1	71.0	75.0	71.0	73.0	74.0	71.0	-1	-1	78.0	74.0	72.8	
16:17:33	1740950253.3744888	0	71.0	73.0	71.0	73.0	72.0	73.0	75.0	-1	71.0	73.0	72.6	
16:17:33	1740950253.4084637	1	71.0	75.0	71.0	73.0	74.0	71.0	-1	-1	77.7	74.0	72.8	
16:18:02	1740950282.541656	0	71.0	73.0	71.0	73.0	72.0	73.0	75.0	-1	71.3	73.0	72.6	
16:18:02	1740950282.5756023	1	71.0	75.0	71.0	73.0	73.7	71.3	-1	-1	77.3	74.0	72.8	
16:18:32	1740950312.7853315	0	71.0	73.0	71.0	73.0	72.0	73.0	75.0	-1	71.7	73.0	72.6	
16:18:32	1740950312.819358	1	71.0	75.0	71.0	73.0	73.3	71.7	-1	-1	77.0	74.0	72.8	
16:19:02	1740950342.7411273	0	71.0	73.0	71.0	73.0	72.0	73.0	75.0	-1	72.0	73.0	72.7	
16:19:02	1740950342.7684834	1	71.0	75.0	71.0	73.0	73.0	72.0	-1	-1	77.0	74.0	72.8	
16:19:33	1740950373.024573	0	71.0	73.0	71.0	73.0	72.0	73.0	75.0	-1	72.0	73.0	72.7	
16:19:33	1740950373.0519855	1	71.0	75.0	71.0	73.0	73.0	72.0	-1	-1	77.0	74.0	72.8	
16:20:06	1740950406.468408	0	71.0	73.0	71.0	73.0	72.0	73.0	75.0	-1	71.7	73.0	72.7	
16:20:06	1740950406.4958274	1	71.0	75.0	71.0	73.0	73.3	71.7	-1	-1	77.0	74.0	72.8	
16:20:32	1740950432.6858294	0	71.0	73.0	71.0	73.0	72.0	73.0	75.0	-1	71.3	73.0	72.7	
16:20:32	1740950432.7188451	1	71.0	75.0	71.0	73.0	73.7	71.3	-1	-1	76.7	74.0	72.8	
16:21:03	1740950463.2892418	0	71.0	73.0	71.0	73.0	72.0	73.0	75.0	-1	71.0	73.0	72.6	
16:21:03	1740950463.3231745	1	71.0	75.0	71.0	73.0	74.0	71.0	-1	-1	76.3	74.0	72.8	
16:21:33	1740950493.8383389	0	71.0	73.0	71.0	73.0	72.0	73.0	75.0	-1	71.0	73.0	72.6	
16:21:33	1740950493.8723671	1	71.0	75.0	71.0	73.0	74.0	71.0	-1	-1	76.0	74.0	72.8	
16:22:02	1740950522.6515224	0	71.0	73.0	71.0	73.0	72.0	73.0	75.0	-1	71.0	73.0	72.6	
16:22:02	1740950522.6788101	1	71.0	75.0	71.0	73.0	74.0	71.0	-1	-1	76.0	74.0	72.8	
16:22:32	1740950552.5056312	0	71.0	73.0	71.0	73.0	72.0	73.0	75.0	-1	71.0	73.0	72.6	
16:22:32	1740950552.5396008	1	71.0	75.0	71.0	73.0	74.0	71.0	-1	-1	75.7	74.0	72.8	
16:23:02	1740950582.6470902	0	71.0	73.0	71.0	73.0	72.0	73.0	75.0	-1	71.0	73.0	72.6	
16:23:02	1740950582.6810644	1	71.0	75.0	71.0	73.0	74.0	71.0	-1	-1	75.3	74.0	72.8	
16:23:32	1740950612.4848003	0	71.0	73.0	71.0	73.0	72.0	73.0	75.0	-1	71.0	73.0	72.6	
16:23:33	1740950613.815984	1	71.0	75.0	71.0	73.0	74.0	71.0	-1	-1	75.0	74.0	72.8	
16:24:03	1740950643.7043242	0	71.0	73.0	71.0	73.0	72.0	73.0	75.0	-1	71.0	73.0	72.6	
16:24:03	1740950643.7316935	1	71.0	75.0	71.0	73.0	74.0	71.0	-1	-1	75.0	74.0	72.8	
16:24:32	1740950672.5108826	0	71.0	73.0	71.0	73.0	72.0	73.0	75.0	-1	71.0	73.0	72.6	
16:24:32	1740950672.5409195	1	71.3	75.0	71.0	73.0	74.0	71.0	-1	-1	74.7	74.0	72.8	
16:25:04	1740950704.2633	0	71.0	73.0	71.0	73.0	72.0	73.0	75.0	-1	71.0	73.0	72.6	
16:25:04	1740950704.2972715	1	72.0	75.0	71.0	73.0	74.0	71.0	-1	-1	74.3	74.0	72.8	
16:25:32	1740950732.6819744	0	71.0	73.0	71.0	73.0	72.0	73.0	75.0	-1	71.0	73.0	72.6	
16:25:32	1740950732.716032	1	72.7	75.0	71.0	73.0	74.0	71.0	-1	-1	74.0	74.0	72.8	
16:26:02	1740950762.6207018	0	71.0	73.0	71.0	73.0	72.0	73.0	75.0	-1	71.0	73.0	72.6	
16:26:02	1740950762.6541076	1	73.0	75.0	71.0	73.0	74.0	71.0	-1	-1	74.0	74.0	72.8	
16:26:32	1740950792.7889419	0	71.0	73.0	71.0	73.0	72.0	73.0	75.0	-1	71.0	73.0	72.6	
16:26:32	1740950792.8163955	1	73.0	75.0	71.0	73.0	74.0	71.0	-1	-1	74.0	74.0	72.8	
16:27:02	1740950822.4049516	0	71.0	73.0	71.0	73.0	72.0	73.0	75.0	-1	71.0	73.0	72.6	
16:27:02	1740950822.4384685	1	73.3	75.0	71.0	73.0	74.0	71.0	-1	-1	74.0	74.0	72.8	
16:27:32	1740950852.7515666	0	71.0	73.0	71.0	73.0	72.0	73.0	75.0	-1	71.0	73.0	72.6	
16:27:32	1740950852.7855458	1	73.7	75.0	71.0	73.0	74.0	71.0	-1	-1	73.7	75.0	72.8	
16:28:02	1740950882.8619206	0	71.0	73.0	71.0	73.0	72.0	73.0	75.0	-1	71.0	73.0	72.6	
16:28:02	1740950882.8949459	1	74.0	75.0	71.0	73.0	74.0	71.0	-1	-1	73.3	75.0	72.8	
16:28:34	1740950914.7635882	0	71.0	73.0	71.0	73.0	72.0	73.0	75.0	-1	71.0	73.0	72.6	
16:28:34	1740950914.7974997	1	74.0	75.0	71.0	73.0	74.0	71.0	-1	-1	73.0	75.0	72.8	
16:29:03	1740950943.5488935	0	71.0	73.0	71.0	73.0	72.0	73.0	75.0	-1	71.0	73.0	72.6	
16:29:03	1740950943.5762587	1	74.0	75.0	71.0	73.0	74.0	71.0	-1	-1	73.0	75.0	72.8	
16:29:32	1740950972.9311602	0	71.0	73.0	71.0	73.0	72.0	73.0	75.0	-1	71.0	73.0	72.6	
16:29:32	1740950972.958536	1	74.0	75.0	71.0	73.0	74.0	71.0	-1	-1	73.0	75.0	72.8	
16:30:03	1740951003.3583353	0	71.0	73.0	71.0	73.0	72.0	73.0	75.0	-1	71.0	73.0	72.6	
16:30:04	1740951004.6281037	1	74.0	75.0	71.0	73.0	74.0	71.0	-1	-1	73.0	75.0	72.8	
16:30:34	1740951034.0188615	0	71.0	73.0	71.0	73.0	72.0	73.0	75.0	-1	71.0	73.0	72.6	
16:30:34	1740951034.0462394	1	74.0	75.0	71.0	73.0	74.0	71.0	-1	-1	73.0	75.0	72.8	
16:31:04	1740951064.054664	0	71.0	73.0	71.0	73.0	72.0	73.0	75.0	-1	71.0	73.0	72.6	
16:31:04	1740951064.0820432	1	74.0	75.0	71.0	73.0	74.0	71.0	-1	-1	73.0	75.0	72.8	
16:31:32	1740951092.6080267	0	71.0	73.0	71.0	73.0	72.0	73.0	75.0	-1	71.0	73.0	72.6	
16:31:32	1740951092.635397	1	74.0	75.0	71.0	73.0	74.0	71.0	-1	-1	73.0	75.0	72.8	
16:32:02	1740951122.949755	0	71.0	73.0	71.0	73.0	72.0	73.0	75.0	-1	71.0	73.0	72.6	
16:32:02	1740951122.9838371	1	73.7	75.0	71.0	73.0	74.0	71.0	-1	-1	73.0	75.0	72.8	
16:32:32	1740951152.9415934	0	71.0	73.0	71.0	73.0	72.0	73.0	75.0	-1	71.0	73.0	72.6	
16:32:32	1740951152.9749389	1	73.3	75.0	71.0	73.0	74.0	71.0	-1	-1	73.0	75.0	72.8	
16:33:02	1740951182.8269918	0	71.0	73.0	71.0	73.0	72.0	73.0	75.0	-1	71.0	73.0	72.6	
16:33:02	1740951182.86076	1	73.0	75.0	71.0	73.0	74.0	71.0	-1	-1	73.0	75.0	72.8	
16:33:32	1740951212.7122178	0	71.0	73.0	71.0	73.0	72.0	73.0	75.0	-1	71.0	73.0	72.6	
16:33:32	1740951212.7458608	1	73.0	75.0	71.3	73.0	74.0	71.0	-1	-1	73.0	74.0	72.9	
16:34:03	1740951243.4372282	0	71.0	73.0	71.0	73.0	72.0	73.0	75.0	-1	71.0	73.0	72.6	
16:34:03	1740951243.467401	1	73.0	75.0	71.7	73.0	74.0	71.0	-1	-1	73.0	75.0	72.9	
16:34:33	1740951273.3716083	0	71.0	73.0	71.0	73.0	72.0	73.0	75.0	-1	71.0	73.0	72.6	
16:34:33	1740951273.4046416	1	72.7	75.0	72.0	73.0	74.0	71.0	-1	-1	73.0	74.0	73.0	
16:35:02	1740951302.7309022	0	71.0	73.0	71.0	73.0	72.0	73.0	75.0	-1	71.0	73.0	72.6	
16:35:02	1740951302.7648327	1	72.3	75.0	72.0	73.0	74.0	71.0	-1	-1	72.7	74.0	73.0	
16:35:33	1740951333.18557	0	71.0	73.0	71.0	73.0	72.0	73.0	75.0	-1	71.0	73.0	72.6	
16:35:33	1740951333.2195227	1	72.0	75.0	72.0	73.0	74.0	71.0	-1	-1	72.3	74.0	73.0	
16:36:02	1740951362.5373445	0	71.0	73.0	71.0	73.0	72.0	73.0	75.0	-1	71.0	73.0	72.6	
16:36:02	1740951362.5712564	1	72.0	75.0	72.0	73.0	74.0	71.0	-1	-1	72.0	74.0	73.0	
16:36:32	1740951392.5953162	0	71.0	73.0	71.0	73.0	72.0	73.0	75.0	-1	71.0	73.0	72.6	
16:36:32	1740951392.6227593	1	72.0	75.0	72.0	73.0	74.0	71.0	-1	-1	72.0	74.0	73.0	
16:37:02	1740951422.7860448	0	71.0	73.0	71.0	73.0	72.0	73.0	75.0	-1	71.0	73.0	72.6	
16:37:02	1740951422.8134477	1	72.0	75.0	72.0	73.0	74.0	71.0	-1	-1	72.0	74.0	73.0	
16:37:33	1740951453.1853287	0	71.0	73.0	71.0	73.0	72.0	73.0	75.0	-1	71.0	73.0	72.6	
16:37:33	1740951453.2127311	1	72.0	75.0	72.0	73.0	74.0	71.0	-1	-1	72.0	74.0	73.0	
16:38:02	1740951482.8850706	0	71.0	73.0	71.0	73.0	72.0	73.0	75.0	-1	71.0	73.0	72.6	
16:38:02	1740951482.9125025	1	72.0	75.0	72.0	73.3	74.0	71.0	-1	-1	72.0	74.0	73.1	
16:38:32	1740951512.5107677	0	71.0	73.0	71.0	73.0	72.0	73.0	75.0	-1	71.0	73.0	72.6	
16:38:32	1740951512.5380406	1	72.0	75.0	72.0	73.7	74.0	71.0	-1	-1	72.0	74.0	73.1	
16:39:02	1740951542.7977943	0	71.0	73.0	71.0	73.0	72.0	73.0	75.0	-1	71.0	73.0	72.6	
16:39:02	1740951542.8314419	1	71.7	75.0	72.0	74.0	74.0	71.0	-1	-1	72.0	74.0	73.2	
16:39:32	1740951572.5292027	0	71.0	73.0	71.0	73.0	72.0	73.0	75.0	-1	71.0	73.0	72.6	
16:39:32	1740951572.562432	1	71.3	75.0	72.0	74.0	74.0	71.0	-1	-1	72.0	74.0	73.2	
16:40:02	1740951602.9281373	0	71.0	73.0	71.0	73.0	72.0	73.0	75.0	-1	71.0	73.0	72.6	
16:40:04	1740951604.1985376	1	71.0	75.0	72.0	74.0	74.0	71.0	-1	-1	71.7	74.0	73.2	
16:40:34	1740951634.6150818	0	71.0	73.0	71.0	73.0	72.0	73.0	75.0	-1	71.0	73.0	72.6	
16:40:34	1740951634.6491227	1	71.3	75.0	72.0	74.0	74.0	71.0	-1	-1	71.3	74.0	73.2	
16:41:02	1740951662.7184582	0	71.0	73.0	71.0	73.0	72.0	73.0	75.0	-1	71.0	73.0	72.6	
16:41:02	1740951662.75252	1	72.0	75.0	72.0	74.0	74.0	71.0	-1	-1	71.0	74.0	73.2	
16:41:32	1740951692.729548	0	71.0	73.0	71.0	73.0	72.0	73.0	75.0	-1	71.0	73.0	72.6	
16:41:32	1740951692.762719	1	72.7	75.0	72.0	74.0	74.0	71.0	-1	-1	71.0	75.0	73.2	
16:42:02	1740951722.7367666	0	71.0	73.0	71.0	73.0	72.0	73.0	75.0	-1	71.0	73.0	72.6	
16:42:02	1740951722.7706084	1	73.3	75.0	72.0	74.0	74.0	71.0	-1	-1	71.0	75.0	73.2	
16:42:32	1740951752.5716288	0	71.0	73.0	71.0	73.0	72.0	73.0	75.0	-1	71.0	73.0	72.6	
16:42:32	1740951752.6050503	1	73.7	75.0	72.0	74.0	74.0	71.0	-1	-1	71.0	75.0	73.2	
16:43:02	1740951782.6814835	0	71.0	73.0	71.0	73.0	72.0	73.0	75.0	-1	71.0	73.0	72.6	
16:43:02	1740951782.7148633	1	74.0	75.0	72.0	74.0	74.0	71.0	-1	-1	71.0	75.0	73.2	
16:43:32	1740951812.688997	0	71.0	73.0	71.0	73.0	72.0	73.0	75.0	-1	71.0	73.0	72.6	
16:43:32	1740951812.7163942	1	74.0	75.0	72.0	74.0	74.0	71.0	-1	-1	71.0	75.0	73.2	
16:44:02	1740951842.5836732	0	71.0	73.0	71.0	73.0	72.0	73.0	75.0	-1	71.0	73.0	72.6	
16:44:02	1740951842.611057	1	74.0	75.0	72.0	74.0	74.0	71.0	-1	-1	71.0	75.0	73.2	
16:44:32	1740951872.6935527	0	71.0	73.0	71.0	73.0	72.0	73.0	75.0	-1	71.0	73.0	72.6	
16:44:32	1740951872.7209437	1	74.0	75.0	72.0	74.0	74.0	71.0	-1	-1	71.0	75.0	73.2	
16:45:02	1740951902.7099235	0	71.0	73.0	71.0	73.0	72.0	73.0	75.0	-1	71.0	73.0	72.6	
16:45:02	1740951902.7373054	1	74.0	75.0	72.0	74.0	74.0	71.0	-1	-1	71.0	75.0	73.2	
16:45:35	1740951935.5650983	0	71.0	73.0	71.0	73.0	72.0	73.0	75.0	-1	71.0	73.0	72.6	
16:45:35	1740951935.5924973	1	74.0	75.0	72.0	74.0	74.0	71.0	-1	-1	71.0	75.0	73.2	
16:46:02	1740951962.7301486	0	71.0	73.0	71.0	73.0	72.0	73.0	75.0	-1	71.0	73.0	72.6	
16:46:04	1740951964.2078593	1	74.3	75.0	72.0	74.0	74.0	71.0	-1	-1	71.0	75.0	73.2	
16:46:33	1740951993.0226245	0	71.0	73.0	71.0	73.0	72.0	73.0	75.0	-1	71.0	73.0	72.6	
16:46:33	1740951993.0499341	1	74.3	75.0	72.0	74.0	74.0	71.0	-1	-1	71.0	75.0	73.2	
16:47:03	1740952023.313114	0	71.0	73.0	71.0	73.0	72.0	73.0	75.0	-1	71.0	73.0	72.6	
16:47:03	1740952023.3405008	1	74.3	75.0	72.0	74.0	74.0	71.0	-1	-1	71.0	75.0	73.2	
16:47:32	1740952052.8237896	0	71.0	73.0	71.0	73.0	72.0	73.0	75.0	-1	71.0	73.0	72.6	
16:47:32	1740952052.8580642	1	74.0	75.0	72.0	74.0	74.0	71.0	-1	-1	71.0	75.0	73.2	
16:48:02	1740952082.63307	0	71.0	73.0	71.0	73.0	72.0	73.0	75.0	-1	71.0	73.0	72.6	
16:48:02	1740952082.667146	1	74.0	75.0	72.0	74.0	74.0	71.0	-1	-1	70.7	75.0	73.2	
16:48:33	1740952113.3289907	0	71.0	73.0	71.0	73.0	72.0	73.0	75.0	-1	71.0	73.0	72.6	
16:48:33	1740952113.362038	1	74.0	75.0	72.0	74.0	74.0	71.0	-1	-1	70.3	75.0	73.2	
16:49:02	1740952142.7625744	0	71.0	73.0	71.0	73.0	72.0	73.0	75.0	-1	71.0	73.0	72.6	
16:49:02	1740952142.7955973	1	73.7	75.0	72.0	74.0	74.0	71.0	-1	-1	70.0	75.0	73.2	
16:49:32	1740952172.828497	0	71.0	73.0	71.0	73.0	72.0	73.0	75.0	-1	71.0	73.0	72.6	
16:49:32	1740952172.861855	1	73.3	75.0	72.0	74.0	74.0	71.0	-1	-1	70.0	75.0	73.2	
16:50:03	1740952203.1785166	0	71.0	73.0	71.0	73.0	72.0	73.0	75.0	-1	71.0	73.0	72.6	
16:50:03	1740952203.2118526	1	73.0	75.0	72.0	74.0	74.0	71.0	-1	-1	70.0	75.0	73.2	
16:50:32	1740952232.831079	0	71.0	73.0	71.0	73.0	72.0	73.0	75.0	-1	71.0	73.0	72.6	
16:50:32	1740952232.8585165	1	73.0	75.0	72.0	74.0	74.3	71.0	-1	-1	70.0	75.0	73.3	
16:51:03	1740952263.3026433	0	71.0	73.0	71.0	73.0	72.0	73.0	75.0	-1	71.0	73.0	72.6	
16:51:03	1740952263.3300316	1	73.0	75.0	72.0	74.0	74.7	71.0	-1	-1	70.0	75.0	73.3	
16:51:32	1740952292.9522932	0	71.0	73.0	71.0	73.0	72.0	73.0	75.0	-1	71.0	73.0	72.6	
16:51:32	1740952292.9858499	1	72.7	75.0	72.0	74.0	75.0	71.0	-1	-1	70.0	75.0	73.4	
16:52:02	1740952322.8240175	0	71.0	73.0	71.0	73.0	72.0	73.0	75.0	-1	71.0	73.0	72.6	
16:52:02	1740952322.8751163	1	72.3	75.0	72.0	74.0	75.0	71.0	-1	-1	70.0	75.0	73.4	
16:52:33	1740952353.2865722	0	71.0	73.0	71.0	73.0	72.0	73.0	75.0	-1	71.0	73.0	72.6	
16:52:33	1740952353.3206437	1	72.0	75.0	72.0	74.0	74.7	71.0	-1	-1	70.0	75.0	73.3	
16:53:03	1740952383.261835	0	71.0	73.0	71.0	73.0	72.0	73.0	75.0	-1	71.0	73.0	72.6	
16:53:03	1740952383.2893267	1	72.0	75.0	72.0	74.0	74.3	71.0	-1	-1	70.0	75.0	73.3	
16:53:32	1740952412.9028957	0	71.0	73.0	71.0	73.0	72.0	73.0	75.0	-1	71.0	73.0	72.6	
16:53:32	1740952412.9303484	1	72.0	75.0	72.0	74.0	74.0	71.0	-1	-1	70.0	75.0	73.2	
16:54:03	1740952443.3654304	0	71.0	73.0	71.0	73.0	72.0	73.0	75.0	-1	71.0	73.0	72.6	
16:54:03	1740952443.3927283	1	72.0	75.0	72.0	74.0	74.0	71.0	-1	-1	70.0	75.0	73.2	
16:54:32	1740952472.4017062	0	71.0	73.0	71.0	73.0	72.0	73.0	75.0	-1	71.0	73.0	72.6	
16:54:32	1740952472.4290147	1	72.0	75.0	72.0	74.0	74.0	71.0	-1	-1	70.0	75.0	73.2	
16:55:03	1740952503.634165	0	71.0	73.0	71.0	73.0	72.0	73.0	75.0	-1	71.0	73.0	72.6	
16:55:03	1740952503.6615782	1	72.0	75.0	72.0	74.0	74.0	71.0	-1	-1	70.0	75.0	73.2	
16:55:32	1740952532.9516804	0	71.0	73.0	71.0	73.0	72.0	73.0	75.0	-1	71.0	73.0	72.6	
16:55:32	1740952532.9789913	1	72.0	75.0	72.3	74.0	74.0	71.0	-1	-1	70.0	75.0	73.3	
16:56:02	1740952562.840807	0	71.0	73.0	71.0	73.0	72.0	73.0	75.0	-1	71.0	73.0	72.6	
16:56:02	1740952562.8738008	1	72.3	75.0	72.7	74.0	74.0	71.0	-1	-1	70.0	75.0	73.3	
16:56:32	1740952592.4679291	0	71.0	73.0	71.0	73.0	72.0	73.0	75.0	-1	71.0	73.0	72.6	
16:56:32	1740952592.5020664	1	72.7	75.0	73.0	74.0	74.0	71.0	-1	-1	70.0	75.0	73.4	
16:57:02	1740952622.6852045	0	71.0	73.0	71.0	73.0	72.0	73.0	75.0	-1	71.0	73.0	72.6	
16:57:02	1740952622.719138	1	73.0	75.0	73.0	74.0	74.0	71.0	-1	-1	70.3	75.0	73.4	
16:57:32	1740952652.9900978	0	71.0	73.0	71.0	73.0	72.0	73.0	75.0	-1	71.0	73.0	72.6	
16:57:33	1740952653.0240855	1	73.0	75.0	73.0	74.0	74.0	71.0	-1	-1	70.7	75.0	73.4	
16:58:04	1740952684.412587	0	71.0	73.0	71.0	73.0	72.0	73.0	75.0	-1	71.0	73.0	72.6	
16:58:04	1740952684.4398754	1	73.0	75.0	73.0	74.0	74.0	71.0	-1	-1	70.7	75.0	73.4	
16:58:33	1740952713.6451833	0	71.0	73.0	71.0	73.0	72.0	73.0	75.0	-1	71.0	73.0	72.6	
16:58:33	1740952713.67924	1	73.0	75.0	73.0	74.0	74.0	71.0	-1	-1	70.3	75.0	73.4	
16:59:02	1740952742.447162	0	71.0	73.0	71.0	73.0	72.0	73.0	75.0	-1	71.0	73.0	72.6	
16:59:02	1740952742.4812202	1	73.0	75.0	73.0	74.0	74.0	71.0	-1	-1	70.0	75.0	73.4	
16:59:32	1740952772.488506	0	71.0	73.0	71.0	73.0	72.0	73.0	75.0	-1	71.0	73.0	72.6	
16:59:32	1740952772.5218709	1	73.3	75.0	73.0	74.0	74.0	71.0	-1	-1	70.0	75.0	73.4	
17:00:03	1740952803.21778	0	71.0	73.0	71.0	73.0	72.0	73.0	75.0	-1	71.0	73.0	72.6	
17:00:03	1740952803.2517784	1	73.7	75.0	73.0	74.0	74.0	71.0	-1	-1	69.7	75.0	73.4	
17:00:32	1740952832.671666	0	71.0	73.0	71.0	73.0	72.0	73.0	75.0	-1	71.0	73.0	72.6	
17:00:32	1740952832.7057302	1	74.0	75.0	73.0	74.0	74.0	71.0	-1	-1	69.3	75.0	73.4	
17:01:04	1740952864.2934093	0	71.0	73.0	71.0	73.0	72.0	73.0	75.0	-1	71.0	73.0	72.6	
17:01:04	1740952864.32748	1	74.0	75.0	73.0	74.0	74.0	71.0	-1	-1	69.0	75.0	73.4	
17:01:32	1740952892.6026828	0	71.0	73.0	71.0	73.0	72.0	73.0	75.0	-1	71.0	73.0	72.6	
17:01:32	1740952892.6299474	1	74.0	75.0	73.0	74.0	74.0	71.0	-1	-1	69.0	75.0	73.4	
17:02:02	1740952922.5301867	0	71.0	73.0	71.0	73.0	72.0	73.0	75.0	-1	71.0	73.0	72.6	
17:02:02	1740952922.5575664	1	74.0	75.0	73.0	74.0	74.0	71.0	-1	-1	69.0	75.0	73.4	
17:02:32	1740952952.741228	0	71.0	73.0	71.0	73.0	72.0	73.0	75.0	-1	71.0	73.0	72.6	
17:02:32	1740952952.7686489	1	74.0	75.0	73.0	74.0	74.0	71.0	-1	-1	69.0	75.0	73.4	
17:03:02	1740952982.3774986	0	71.0	73.0	71.0	73.0	72.0	73.0	75.0	-1	71.0	73.0	72.6	
17:03:02	1740952982.40477	1	74.0	75.0	73.0	74.0	74.0	71.0	-1	-1	69.0	75.0	73.4	
17:03:32	1740953012.7831664	0	71.0	73.0	71.0	73.0	72.3	73.0	75.0	-1	71.0	73.0	72.6	
17:03:32	1740953012.810576	1	74.0	75.0	73.0	74.0	74.3	71.0	-1	-1	69.0	75.0	73.5	
17:04:02	1740953042.540105	0	71.0	73.0	71.0	73.0	72.7	73.0	75.0	-1	71.0	73.0	72.7	
17:04:02	1740953042.5675464	1	74.0	75.0	73.0	74.0	74.7	71.0	-1	-1	69.0	75.0	73.5	
17:04:32	1740953072.4888363	0	71.0	73.0	71.0	73.0	73.0	73.0	75.0	-1	71.0	73.0	72.7	
17:04:32	1740953072.5162508	1	74.0	75.0	73.0	74.0	75.0	71.0	-1	-1	69.0	75.0	73.6	
17:05:02	1740953102.613323	0	71.0	73.0	71.0	73.0	73.0	73.0	75.0	-1	71.0	73.0	72.7	
17:05:02	1740953102.6406329	1	74.0	75.0	73.0	74.0	75.0	71.0	-1	-1	69.0	75.0	73.6	
17:05:33	1740953133.0736723	0	71.0	73.0	71.0	73.0	72.7	73.0	75.0	-1	71.0	73.0	72.7	
17:05:33	1740953133.1011279	1	74.0	75.0	73.0	74.0	75.0	71.0	-1	-1	69.0	75.0	73.6	
17:06:06	1740953166.223049	0	71.0	73.0	71.0	73.0	72.3	73.0	75.0	-1	71.0	73.0	72.6	
17:06:06	1740953166.2504404	1	74.0	75.0	73.0	74.0	75.0	71.0	-1	-1	69.0	75.0	73.6	
17:06:32	1740953192.6245208	0	71.0	73.0	71.0	73.0	72.0	73.0	75.0	-1	71.0	73.0	72.6	
17:06:32	1740953192.6519103	1	74.0	75.0	73.0	74.0	75.0	71.0	-1	-1	69.0	75.0	73.6	
17:07:02	1740953222.6566103	0	71.0	73.0	71.0	73.0	72.0	73.0	75.0	-1	71.0	73.0	72.6	
17:07:02	1740953222.6840081	1	74.0	75.0	73.0	74.0	75.0	71.0	-1	-1	69.0	75.0	73.6	
17:07:32	1740953252.7564023	0	71.0	73.0	71.0	73.0	72.0	73.0	75.0	-1	71.0	73.0	72.6	
17:07:32	1740953252.783797	1	74.0	75.0	73.0	74.0	75.0	71.0	-1	-1	69.0	75.0	73.6	
17:08:02	1740953282.4828343	0	71.0	73.0	71.0	73.0	72.0	73.0	75.0	-1	71.0	73.0	72.6	
17:08:02	1740953282.5101604	1	74.0	75.0	73.0	74.0	75.0	71.0	-1	-1	69.0	75.0	73.6	
17:08:32	1740953312.604692	0	71.0	73.0	71.0	73.0	72.0	73.0	75.0	-1	71.0	73.0	72.6	
17:08:32	1740953312.6321256	1	74.0	75.0	73.0	74.0	75.0	71.0	-1	-1	69.0	75.0	73.6	
17:09:04	1740953344.957138	0	71.0	73.0	71.0	73.0	72.0	73.0	75.0	-1	71.0	73.0	72.6	
17:09:04	1740953344.98442	1	74.0	75.0	73.0	74.0	75.0	71.0	-1	-1	69.0	75.0	73.6	
17:09:32	1740953372.5947511	0	71.0	73.0	71.0	73.0	72.0	73.0	75.0	-1	71.0	73.0	72.6	
17:09:32	1740953372.6220815	1	74.0	75.0	73.0	74.0	75.0	71.0	-1	-1	69.0	75.0	73.6	
17:10:02	1740953402.4551153	0	71.0	73.0	71.0	73.0	72.0	73.0	75.0	-1	71.0	73.0	72.6	
17:10:02	1740953402.4825127	1	74.0	75.0	73.0	74.0	75.0	71.0	-1	-1	69.0	75.0	73.6	
17:10:32	1740953432.6756585	0	71.0	73.0	71.0	73.0	72.0	73.0	75.0	-1	71.0	73.0	72.6	
17:10:32	1740953432.703145	1	74.0	75.0	73.0	74.0	75.0	71.0	-1	-1	69.0	75.0	73.6	
17:11:02	1740953462.8191025	0	71.0	73.0	71.0	73.0	72.0	73.0	75.0	-1	71.0	73.0	72.6	
17:11:02	1740953462.8531563	1	74.0	75.0	73.0	74.0	75.0	71.0	-1	-1	68.7	75.0	73.6	
17:11:32	1740953492.7125611	0	71.0	73.0	71.0	73.0	72.0	73.0	75.0	-1	71.0	73.0	72.6	
17:11:32	1740953492.746484	1	74.0	75.0	73.0	74.0	75.0	71.0	-1	-1	68.3	75.0	73.6	
17:12:02	1740953522.4494226	0	71.0	73.0	71.0	73.0	72.0	73.0	75.0	-1	71.0	73.0	72.6	
17:12:02	1740953522.4824488	1	74.0	75.0	73.0	74.0	75.0	71.0	-1	-1	68.0	75.0	73.6	
17:12:34	1740953554.3115888	0	71.0	73.0	71.0	73.0	72.0	73.0	75.0	-1	71.0	73.0	72.6	
17:12:34	1740953554.3389537	1	74.0	75.0	73.0	74.0	75.0	71.0	-1	-1	68.0	75.0	73.6	
17:13:02	1740953582.898317	0	71.0	73.0	71.0	73.0	72.0	73.0	75.0	-1	71.0	73.0	72.6	
17:13:02	1740953582.925699	1	74.0	75.0	73.0	74.0	75.0	71.0	-1	-1	68.0	75.0	73.6	
17:13:32	1740953612.7516289	0	71.0	73.0	71.0	73.0	72.0	73.0	75.0	-1	71.0	73.0	72.6	
17:13:32	1740953612.7789218	1	74.0	75.0	73.0	74.0	75.0	71.0	-1	-1	68.0	75.0	73.6	
17:14:02	1740953642.5855994	0	71.0	73.0	71.0	73.0	72.0	73.0	75.0	-1	71.0	73.0	72.6	
17:14:02	1740953642.6128657	1	74.0	75.0	73.0	74.0	75.0	71.0	-1	-1	68.0	75.0	73.6	
17:14:32	1740953672.723746	0	71.0	73.0	71.0	73.0	72.0	73.0	75.0	-1	71.0	73.0	72.6	
17:14:32	1740953672.75113	1	74.0	75.0	73.0	74.0	75.0	71.0	-1	-1	68.0	75.0	73.6	
17:15:02	1740953702.6663034	0	71.0	73.0	71.0	73.0	72.3	73.0	75.0	-1	71.0	73.0	72.6	
17:15:02	1740953702.6936953	1	74.0	75.0	73.0	74.0	75.0	71.0	-1	-1	68.0	75.0	73.6	
17:15:32	1740953732.92551	0	71.0	73.0	71.0	73.0	72.7	73.0	75.0	-1	71.0	73.0	72.7	
17:15:32	1740953732.9528956	1	74.0	75.0	73.0	74.0	75.0	71.0	-1	-1	68.0	75.0	73.6	
17:16:03	1740953763.4968262	0	71.0	73.0	71.0	73.0	73.0	73.0	75.0	-1	71.0	73.0	72.7	
17:16:03	1740953763.5242248	1	74.0	75.0	73.0	74.0	75.0	71.0	-1	-1	68.0	75.0	73.6	
17:16:32	1740953792.5090935	0	71.0	73.0	71.0	73.0	73.0	73.0	75.0	-1	71.0	73.0	72.7	
17:16:32	1740953792.536586	1	74.0	75.0	73.0	74.3	75.0	71.0	-1	-1	68.0	75.0	73.7	
17:17:02	1740953822.3881867	0	71.0	73.0	71.0	73.0	73.0	73.0	75.0	-1	71.0	73.0	72.7	
17:17:02	1740953822.4154782	1	74.0	75.0	73.0	74.7	75.0	71.0	-1	-1	68.0	75.0	73.7	
17:17:32	1740953852.5295444	0	71.0	73.0	71.0	73.0	73.0	73.0	75.0	-1	71.0	73.0	72.7	
17:17:32	1740953852.5569634	1	74.0	75.0	73.0	75.0	75.0	71.0	-1	-1	68.0	75.0	73.8	
17:18:02	1740953882.4298654	0	71.0	73.0	71.0	73.0	73.0	73.0	75.0	-1	71.0	73.0	72.7	
17:18:02	1740953882.457257	1	74.0	75.0	73.0	75.0	75.0	71.0	-1	-1	68.0	75.0	73.8	
17:18:32	1740953912.6220245	0	71.0	73.0	71.0	73.0	73.0	73.0	75.0	-1	71.0	73.0	72.7	
17:18:32	1740953912.6552496	1	74.0	75.0	73.0	75.0	75.0	71.0	-1	-1	68.0	74.0	73.8	
17:19:02	1740953942.6443658	0	71.0	73.0	71.0	73.0	73.0	73.0	75.0	-1	71.0	73.0	72.7	
17:19:02	1740953942.677574	1	74.0	75.0	73.0	75.0	75.0	71.0	-1	-1	68.0	75.0	73.8	
17:19:32	1740953972.4363673	0	71.0	73.0	71.0	73.0	73.0	73.0	75.0	-1	71.0	73.0	72.7	
17:19:32	1740953972.4638324	1	74.0	75.0	73.0	75.3	75.0	71.0	-1	-1	68.0	75.0	73.9	
17:20:02	1740954002.773074	0	71.0	73.0	71.0	73.0	73.0	73.0	75.0	-1	71.0	73.0	72.7	
17:20:02	1740954002.8005104	1	74.0	75.0	73.0	75.7	75.0	71.0	-1	-1	68.0	75.0	73.9	
17:20:32	1740954032.4949255	0	71.0	73.0	71.0	73.0	73.0	73.0	75.0	-1	71.0	73.0	72.7	
17:20:32	1740954032.5222096	1	74.0	75.0	73.0	75.7	75.0	71.0	-1	-1	68.0	75.0	73.9	
17:21:02	1740954062.949228	0	71.0	73.0	71.0	73.0	73.0	73.0	75.0	-1	71.0	73.0	72.7	
17:21:02	1740954062.9764946	1	74.0	75.0	73.0	75.3	75.0	71.0	-1	-1	68.0	75.0	73.9	
17:21:35	1740954095.180705	0	71.0	73.0	71.0	73.0	73.0	73.0	75.0	-1	71.0	73.0	72.7	
17:21:35	1740954095.208102	1	74.0	75.0	73.0	75.0	75.0	71.0	-1	-1	68.0	75.0	73.8	
17:22:06	1740954126.0382705	0	71.0	73.0	71.0	73.0	73.0	73.0	75.0	-1	71.0	73.0	72.7	
17:22:06	1740954126.125287	1	74.0	75.0	73.0	75.0	75.0	71.0	-1	-1	68.0	74.0	73.8	
17:22:32	1740954152.5565038	0	71.0	73.0	71.0	73.0	73.0	73.0	75.0	-1	71.0	73.0	72.7	
17:22:32	1740954152.6341217	1	74.0	75.0	73.0	75.0	75.0	71.0	-1	-1	68.0	75.0	73.8	
17:23:03	1740954183.878279	0	71.0	73.0	71.0	73.0	73.0	73.0	75.0	-1	71.3	73.0	72.7	
17:23:03	1740954183.905573	1	74.0	75.0	73.0	75.0	75.0	71.3	-1	-1	68.0	75.0	73.9	
17:23:32	1740954212.6293306	0	71.0	73.0	71.0	73.0	73.0	73.0	75.0	-1	71.7	73.0	72.8	
17:23:32	1740954212.6567419	1	74.0	75.0	73.0	75.0	75.0	71.7	-1	-1	68.0	75.0	73.9	
17:24:02	1740954242.5757685	0	71.0	73.0	71.0	73.0	73.0	73.0	75.0	-1	72.0	73.0	72.8	
17:24:02	1740954242.6032112	1	74.0	75.0	73.0	75.0	75.0	72.0	-1	-1	68.0	75.0	74.0	
17:24:32	1740954272.469769	0	71.0	73.0	71.0	73.0	73.0	73.0	75.0	-1	72.0	73.0	72.9	
17:24:32	1740954272.5032527	1	74.0	75.0	73.0	75.0	75.0	72.0	-1	-1	68.0	74.0	74.0	
17:25:02	1740954302.5120487	0	71.0	73.0	71.0	73.0	73.0	73.0	75.0	-1	71.7	73.0	72.9	
17:25:02	1740954302.5451727	1	74.0	75.0	73.0	75.0	75.0	71.7	-1	-1	68.0	75.0	73.9	
17:25:32	1740954332.7713218	0	71.0	73.0	71.0	73.0	73.0	73.0	75.0	-1	71.3	73.0	72.8	
17:25:32	1740954332.798725	1	74.0	75.3	73.0	75.0	75.0	71.3	-1	-1	68.0	75.0	73.9	
17:26:02	1740954362.4622326	0	71.0	73.0	71.0	73.0	73.0	73.0	75.0	-1	71.0	73.0	72.8	
17:26:02	1740954362.4896379	1	74.0	75.7	73.0	75.0	75.0	71.0	-1	-1	68.0	75.0	73.9	
17:26:32	1740954392.5853894	0	71.0	73.0	71.0	73.0	73.0	73.0	75.0	-1	71.0	73.0	72.7	
17:26:32	1740954392.6127985	1	74.0	76.0	73.0	75.0	75.0	71.0	-1	-1	68.0	75.0	74.0	
17:27:03	1740954423.7148046	0	71.0	73.0	71.0	73.0	73.0	73.0	75.0	-1	71.0	73.0	72.7	
17:27:03	1740954423.7421632	1	74.0	76.0	73.0	75.0	75.0	71.0	-1	-1	68.0	75.0	74.0	
17:27:32	1740954452.5772014	0	71.0	73.0	71.0	73.0	73.0	73.0	75.0	-1	71.0	73.0	72.7	
17:27:32	1740954452.6044676	1	74.0	75.7	73.0	75.0	75.0	71.0	-1	-1	68.0	75.0	73.9	
17:28:02	1740954482.547734	0	71.0	73.0	71.0	73.0	73.0	73.0	75.0	-1	71.0	73.0	72.7	
17:28:02	1740954482.5750003	1	74.0	75.3	73.0	75.0	75.0	71.0	-1	-1	68.0	75.0	73.9	
17:28:32	1740954512.6953437	0	71.0	73.0	71.0	73.0	73.0	73.0	75.0	-1	71.0	73.0	72.7	
17:28:32	1740954512.7227497	1	74.0	75.0	73.0	75.0	75.0	71.0	-1	-1	68.0	75.0	73.8	
17:29:03	1740954543.7991245	0	71.0	73.0	71.0	73.0	73.0	73.0	75.0	-1	71.0	73.0	72.7	
17:29:03	1740954543.826463	1	74.0	75.0	73.0	75.0	75.0	71.0	-1	-1	68.0	75.0	73.8	
17:29:32	1740954572.6086311	0	71.0	73.0	71.0	73.0	73.0	73.0	75.0	-1	71.0	73.0	72.7	
17:29:32	1740954572.6360567	1	74.0	75.0	73.0	75.0	75.0	71.0	-1	-1	68.0	75.0	73.8	
17:30:02	1740954602.4766393	0	71.0	73.0	71.0	73.0	73.0	73.0	75.0	-1	71.3	73.0	72.7	
17:30:02	1740954602.503965	1	74.0	75.0	73.0	75.0	75.0	71.3	-1	-1	68.0	75.0	73.9	
17:30:32	1740954632.6567929	0	71.0	73.0	71.0	73.0	73.0	73.0	75.0	-1	71.7	73.0	72.8	
17:30:32	1740954632.6840794	1	74.0	75.0	73.0	75.0	75.0	71.7	-1	-1	68.0	75.0	73.9	
17:31:03	1740954663.4847105	0	71.0	73.0	71.0	73.0	73.0	73.0	75.0	-1	72.0	73.0	72.8	
17:31:03	1740954663.5121088	1	74.0	75.3	73.0	75.0	75.0	72.0	-1	-1	68.0	75.0	74.1	
17:31:37	1740954697.3134353	0	71.0	73.0	71.0	73.0	73.0	73.0	75.0	-1	72.0	73.0	72.9	
17:31:37	1740954697.340839	1	74.0	75.7	73.0	75.0	75.0	72.0	-1	-1	68.0	75.0	74.1	
17:32:02	1740954722.7741294	0	71.0	73.0	71.0	73.0	73.0	73.0	75.0	-1	71.7	73.0	72.9	
17:32:02	1740954722.8014567	1	74.0	76.0	73.0	75.0	75.0	71.7	-1	-1	68.0	75.0	74.1	
17:32:32	1740954752.3991175	0	71.0	73.0	71.0	73.0	73.0	73.0	75.0	-1	71.3	73.0	72.8	
17:32:32	1740954752.4264212	1	74.0	76.0	73.0	75.0	75.0	71.3	-1	-1	68.0	75.0	74.1	
17:33:02	1740954782.5188668	0	71.0	73.0	71.0	73.0	73.0	73.0	75.0	-1	71.0	73.0	72.8	
17:33:02	1740954782.5462995	1	74.0	76.0	73.0	75.0	75.0	71.0	-1	-1	68.0	75.0	74.0	
17:33:32	1740954812.522346	0	71.0	73.0	71.0	73.0	73.0	73.0	75.0	-1	71.0	73.0	72.7	
17:33:32	1740954812.5496066	1	74.0	76.0	73.0	75.0	75.0	71.0	-1	-1	68.0	75.0	74.0	
17:34:02	1740954842.5634665	0	71.0	73.0	71.0	73.0	73.0	73.0	75.0	-1	71.0	73.0	72.7	
17:34:02	1740954842.590746	1	74.0	76.0	73.0	75.0	75.0	71.0	-1	-1	68.0	75.0	74.0	
17:34:32	1740954872.4775908	0	71.0	73.0	71.0	73.0	73.0	73.0	75.0	-1	71.0	73.0	72.7	
17:34:32	1740954872.5048883	1	74.0	76.0	73.0	75.0	75.0	71.0	-1	-1	68.0	75.0	74.0	
17:35:02	1740954902.4481633	0	71.0	73.0	71.0	73.0	73.0	73.0	75.0	-1	71.3	73.0	72.7	
17:35:02	1740954902.4755895	1	74.0	76.0	73.0	75.0	75.3	71.3	-1	-1	68.0	75.0	74.1	
17:35:32	1740954932.568915	0	71.0	73.0	71.0	73.0	73.0	73.0	75.0	-1	71.7	73.0	72.8	
17:35:32	1740954932.6019318	1	74.0	76.0	73.0	75.0	75.7	71.7	-1	-1	67.7	75.0	74.3	
17:36:02	1740954962.476488	0	71.0	73.0	71.0	73.0	73.0	73.0	75.0	-1	72.0	73.0	72.8	
17:36:02	1740954962.510418	1	74.0	76.0	73.0	75.0	76.0	72.0	-1	-1	67.3	75.0	74.4	
17:36:32	1740954992.7609444	0	71.0	73.0	71.0	73.0	73.0	73.0	75.0	-1	72.0	73.0	72.9	
17:36:32	1740954992.7949975	1	74.3	76.0	73.0	75.0	76.0	72.0	-1	-1	67.0	75.0	74.4	
17:37:05	1740955025.6384559	0	71.0	73.0	71.0	73.0	73.0	73.0	75.0	-1	72.0	73.0	72.9	
17:37:05	1740955025.665848	1	74.3	76.0	73.0	75.0	76.0	72.0	-1	-1	67.0	75.0	74.4	
17:37:32	1740955052.5008729	0	71.0	73.0	71.0	73.0	73.0	73.0	75.0	-1	72.0	73.0	72.9	
17:37:32	1740955052.528153	1	74.3	76.0	73.0	75.0	76.0	72.0	-1	-1	67.0	75.0	74.4	
17:38:04	1740955084.0040493	0	71.0	73.0	71.0	73.0	73.0	73.0	75.0	-1	72.0	73.0	72.9	
17:38:04	1740955084.0378282	1	74.0	76.0	73.0	75.0	76.0	72.0	-1	-1	67.0	75.0	74.4	
17:38:32	1740955112.6419656	0	71.0	73.0	71.0	73.0	73.0	73.0	75.0	-1	72.0	73.0	72.9	
17:38:32	1740955112.66935	1	74.0	76.0	73.0	75.0	76.0	72.0	-1	-1	67.0	75.0	74.4	
17:39:02	1740955142.8748765	0	71.0	73.0	71.0	73.0	73.0	73.0	75.0	-1	72.0	73.0	72.9	
17:39:02	1740955142.9084294	1	74.3	76.0	73.0	75.0	76.0	72.0	-1	-1	67.0	75.0	74.4	
17:39:32	1740955172.6130126	0	71.0	73.0	71.0	73.0	73.0	73.0	75.0	-1	71.7	73.0	72.9	
17:39:32	1740955172.6470058	1	74.7	76.0	73.0	75.0	76.0	71.7	-1	-1	67.0	75.0	74.3	
17:40:02	1740955202.6841452	0	71.0	73.0	71.0	73.0	73.0	73.0	75.0	-1	71.3	73.0	72.8	
17:40:02	1740955202.7181754	1	75.0	76.0	73.0	75.0	76.0	71.3	-1	-1	67.0	75.0	74.3	
17:40:32	1740955232.5392	0	71.0	73.0	71.0	73.0	73.0	73.0	75.0	-1	71.0	73.0	72.8	
17:40:32	1740955232.5666027	1	75.0	76.0	73.0	75.0	76.0	71.0	-1	-1	67.0	75.0	74.2	
17:41:02	1740955262.4718223	0	71.0	73.0	71.0	73.0	73.0	73.0	75.0	-1	71.0	73.0	72.7	
17:41:02	1740955262.5052087	1	74.7	76.0	73.0	75.0	76.0	71.0	-1	-1	67.0	75.0	74.2	
17:41:32	1740955292.4010704	0	71.0	73.0	71.0	73.0	73.0	73.0	75.0	-1	71.0	73.0	72.7	
17:41:32	1740955292.428511	1	74.7	76.0	73.0	75.0	76.0	71.0	-1	-1	67.0	75.0	74.2	
17:42:02	1740955322.5338368	0	71.0	73.0	71.0	73.0	73.0	73.0	75.0	-1	71.0	73.0	72.7	
17:42:02	1740955322.5612261	1	74.7	76.0	73.0	75.0	76.0	71.0	-1	-1	67.0	75.0	74.2	
17:42:32	1740955352.6286206	0	71.0	73.0	71.0	73.0	73.0	73.0	75.0	-1	71.3	73.0	72.7	
17:42:32	1740955352.6617098	1	75.0	76.0	73.0	75.0	76.0	71.3	-1	-1	67.0	75.0	74.3	
17:43:02	1740955382.7188654	0	71.0	73.0	71.0	73.0	73.0	73.0	75.0	-1	71.7	73.0	72.8	
17:43:02	1740955382.7462907	1	75.0	76.0	73.0	75.0	76.0	71.7	-1	-1	67.0	75.0	74.3	
17:43:32	1740955412.8290532	0	71.0	73.0	71.0	73.0	73.0	73.0	75.0	-1	72.0	73.0	72.8	
17:43:32	1740955412.8564692	1	75.0	76.0	73.0	75.0	76.0	72.0	-1	-1	67.0	75.0	74.4	
17:44:02	1740955442.6755784	0	71.0	73.0	71.0	73.0	73.0	73.0	75.0	-1	72.0	73.0	72.9	
17:44:02	1740955442.7029595	1	75.0	76.0	73.0	75.0	76.0	72.0	-1	-1	67.0	75.0	74.4	
17:44:32	1740955472.5633738	0	71.0	73.0	71.0	73.0	73.0	73.0	75.0	-1	72.0	73.0	72.9	
17:44:32	1740955472.5906856	1	75.0	76.0	73.0	75.0	76.0	72.0	-1	-1	67.0	75.0	74.4	
17:45:02	1740955502.5663872	0	71.0	73.0	71.0	73.0	73.0	73.0	75.0	-1	72.0	73.0	72.9	
17:45:02	1740955502.593684	1	75.0	76.0	73.0	75.0	76.0	72.0	-1	-1	67.0	75.0	74.4	
17:45:33	1740955533.5750837	0	71.0	73.0	71.0	73.0	73.0	73.0	75.0	-1	72.0	73.0	72.9	
17:45:33	1740955533.6024845	1	75.0	76.0	73.0	75.0	76.0	72.0	-1	-1	67.0	75.0	74.4	
17:46:02	1740955562.688513	0	71.0	73.0	71.0	73.0	73.0	73.0	75.0	-1	72.0	73.0	72.9	
17:46:02	1740955562.71581	1	75.0	76.0	73.0	75.0	76.0	72.0	-1	-1	67.0	75.0	74.4	
17:46:32	1740955592.6259599	0	71.0	73.0	71.0	73.0	73.0	73.0	75.0	-1	72.0	73.0	72.9	
17:46:32	1740955592.6533532	1	75.0	76.0	73.0	75.0	76.0	72.0	-1	-1	67.0	75.0	74.4	
17:47:03	1740955623.0933313	0	71.0	73.0	71.0	73.0	73.0	73.0	75.0	-1	72.0	73.0	72.9	
17:47:03	1740955623.120649	1	75.0	76.0	73.0	75.0	76.0	72.0	-1	-1	67.0	75.0	74.4	
17:47:32	1740955652.6086185	0	71.0	73.0	71.0	73.0	73.0	73.0	75.0	-1	72.0	73.0	72.9	
17:47:32	1740955652.6425962	1	75.0	76.0	73.0	75.0	76.0	72.0	-1	-1	66.7	75.0	74.4	
17:48:02	1740955682.7212248	0	71.0	73.0	71.0	73.0	73.0	73.0	75.0	-1	72.0	73.0	72.9	
17:48:02	1740955682.7551901	1	75.0	76.0	73.0	75.0	76.0	72.0	-1	-1	66.3	75.0	74.4	
17:48:32	1740955712.62408	0	71.0	73.0	71.0	73.0	73.0	73.0	75.0	-1	72.0	73.0	72.9	
17:48:32	1740955712.6580455	1	75.0	76.0	73.0	75.0	76.0	72.0	-1	-1	66.0	75.0	74.4	
17:49:02	1740955742.622906	0	71.0	73.0	71.0	73.0	73.0	73.0	75.0	-1	72.0	73.0	72.9	
17:49:02	1740955742.6503265	1	75.0	76.0	73.0	75.0	76.0	72.0	-1	-1	66.0	75.0	74.4	
17:49:32	1740955772.5612638	0	71.0	73.0	71.0	73.0	73.0	73.0	75.0	-1	72.0	73.0	72.9	
17:49:32	1740955772.588647	1	75.0	76.0	73.0	75.0	76.0	72.0	-1	-1	66.0	75.0	74.4	
17:50:02	1740955802.3262665	0	71.0	73.0	71.0	73.0	73.0	73.0	75.0	-1	72.0	73.0	72.9	
17:50:02	1740955802.3536136	1	75.0	76.0	73.0	75.0	76.0	72.0	-1	-1	66.0	75.0	74.4	
17:50:32	1740955832.584127	0	71.0	73.0	71.0	73.0	73.0	73.0	75.0	-1	72.0	73.0	72.9	
17:50:32	1740955832.6114035	1	75.0	76.0	73.0	75.0	76.0	72.0	-1	-1	66.0	75.0	74.4	
17:51:02	1740955862.6317823	0	71.0	73.0	71.0	73.0	73.0	73.0	75.0	-1	72.0	73.0	72.9	
17:51:02	1740955862.659171	1	75.0	76.0	73.0	75.0	76.0	72.0	-1	-1	66.0	75.0	74.4	
17:51:32	1740955892.9608593	0	71.0	73.0	71.0	73.0	73.0	73.0	75.0	-1	72.0	73.0	72.9	
17:51:32	1740955892.988249	1	75.0	76.0	73.0	75.0	76.0	72.0	-1	-1	66.0	75.0	74.4	
17:52:05	1740955925.5704231	0	71.0	73.0	71.0	73.0	73.0	73.0	75.0	-1	72.0	73.0	72.9	
17:52:05	1740955925.5978262	1	75.0	76.0	73.0	75.0	76.0	72.0	-1	-1	66.0	75.0	74.4	
17:52:33	1740955953.9962616	0	71.0	73.0	71.0	73.0	73.0	73.0	75.0	-1	72.0	73.0	72.9	
17:52:34	1740955954.023665	1	75.0	76.0	73.0	75.0	76.0	72.0	-1	-1	66.0	75.0	74.4	
17:53:02	1740955982.6259859	0	71.0	73.0	71.0	73.0	73.0	73.0	75.0	-1	72.0	73.0	72.9	
17:53:02	1740955982.6532376	1	75.0	76.0	73.0	75.0	76.0	72.0	-1	-1	66.0	75.0	74.4	
17:53:34	1740956014.7346866	0	71.0	73.0	71.0	73.0	73.0	73.0	75.0	-1	72.0	73.0	72.9	
17:53:34	1740956014.7621002	1	75.0	76.0	73.0	75.0	76.0	72.0	-1	-1	66.0	75.0	74.4	
17:54:02	1740956042.5076506	0	71.0	73.0	71.0	73.0	73.0	73.0	75.0	-1	72.0	73.0	72.9	
17:54:02	1740956042.5350347	1	75.0	76.0	73.0	75.0	76.0	72.0	-1	-1	66.0	75.0	74.4	
17:54:32	1740956072.5759108	0	71.0	73.0	71.0	73.0	73.0	73.0	75.0	-1	72.0	73.0	72.9	
17:54:32	1740956072.6033163	1	75.0	76.0	73.0	75.0	76.0	72.0	-1	-1	66.0	75.0	74.4	
17:55:05	1740956105.5072908	0	71.0	73.0	71.0	73.0	73.0	73.0	75.0	-1	72.0	73.0	72.9	
17:55:05	1740956105.5345697	1	75.0	76.0	73.0	75.0	76.3	72.0	-1	-1	66.0	75.0	74.5	
17:55:32	1740956132.600778	0	71.0	73.0	71.0	73.0	73.0	73.0	75.0	-1	72.0	73.0	72.9	
17:55:32	1740956132.6281724	1	75.0	76.0	73.0	75.0	76.7	72.0	-1	-1	66.0	75.0	74.5	
17:56:02	1740956162.6905324	0	71.0	73.0	71.0	73.0	73.0	73.0	75.0	-1	72.0	73.0	72.9	
17:56:02	1740956162.7178588	1	75.0	76.0	73.0	75.0	77.0	72.0	-1	-1	66.0	75.0	74.6	
17:56:32	1740956192.8290431	0	71.0	73.0	71.0	73.0	73.0	73.0	75.0	-1	72.0	73.0	72.9	
17:56:32	1740956192.8563719	1	75.0	76.0	73.0	75.0	76.7	72.0	-1	-1	66.0	75.0	74.5	
17:57:05	1740956225.5376046	0	71.0	73.0	71.0	73.0	73.0	73.0	75.0	-1	72.0	73.0	72.9	
17:57:05	1740956225.5649328	1	75.0	76.0	73.0	75.0	76.3	72.0	-1	-1	66.0	75.0	74.5	
17:57:32	1740956252.5391312	0	71.0	73.0	71.0	73.0	73.0	73.0	75.0	-1	72.0	73.0	72.9	
17:57:32	1740956252.5665324	1	75.0	76.0	73.0	75.0	76.0	72.0	-1	-1	66.0	75.0	74.4	
17:58:02	1740956282.4956634	0	71.0	73.0	71.0	73.0	73.0	73.0	75.0	-1	72.0	73.0	72.9	
17:58:02	1740956282.522966	1	75.0	76.0	73.0	75.0	76.0	72.0	-1	-1	66.0	75.0	74.4	
17:58:32	1740956312.5328057	0	71.0	73.0	71.0	73.0	73.0	73.0	75.0	-1	72.0	73.0	72.9	
17:58:32	1740956312.5602014	1	75.0	76.0	73.0	75.0	76.0	72.0	-1	-1	66.0	75.0	74.4	
17:59:02	1740956342.8641229	0	71.0	73.0	71.0	73.0	73.0	73.0	75.0	-1	72.0	73.0	72.9	
17:59:02	1740956342.891533	1	75.0	76.0	73.0	75.0	76.0	72.0	-1	-1	66.0	75.0	74.4	
17:59:32	1740956372.3597233	0	71.0	73.0	71.0	73.0	73.0	73.0	75.0	-1	72.0	73.0	72.9	
17:59:32	1740956372.3870022	1	75.0	76.0	73.0	75.0	76.0	72.0	-1	-1	66.0	75.0	74.4	
