19:26:36	1744932396.7071605	0	0	0	76.0	79.0	76.0	80.0	76.0	80.0	79.0	-1.0	78.0	82.0	78.3	
19:26:36	1744932396.713529	1	0	0	79.0	79.0	79.0	82.0	81.0	78.0	-1.0	-1.0	82.0	82.0	79.8	
19:27:02	1744932422.4569252	0	0	0	76.0	79.0	76.0	80.0	76.0	80.0	79.0	-1.0	78.0	82.0	78.3	
19:27:02	1744932422.4612887	1	0	0	79.0	79.0	79.0	82.0	81.0	78.0	-1.0	-1.0	82.0	82.0	79.8	
19:27:32	1744932452.4535048	0	0	0	76.0	79.0	76.0	80.0	76.0	80.0	79.0	-1.0	78.0	82.0	78.3	
19:27:32	1744932452.4539227	1	0	0	79.0	79.0	79.0	82.0	81.0	78.0	-1.0	-1.0	82.0	82.0	79.8	
19:28:02	1744932482.446789	0	0	0	76.0	79.0	76.0	80.0	76.0	80.0	79.0	-1.0	78.0	82.0	78.2	
19:28:02	1744932482.4472344	1	0	0	79.0	79.0	79.0	82.0	81.0	78.0	-1.0	-1.0	82.0	82.0	79.8	
19:28:33	1744932513.6133292	0	5	0	76.0	79.0	76.0	80.0	76.0	80.0	79.0	-1.0	78.0	82.0	78.2	
19:28:34	1744932514.7746277	1	2	1	79.0	79.0	79.0	82.0	81.0	78.0	-1.0	-1.0	82.0	82.0	79.8	
19:29:02	1744932542.3470728	0	5	0	76.0	79.0	76.0	80.0	76.0	79.0	79.0	-1.0	78.0	82.0	78.1	
19:29:02	1744932542.3640664	1	2	1	79.0	79.0	79.0	82.0	81.0	78.0	-1.0	-1.0	82.0	82.0	79.8	
19:29:32	1744932572.4738598	0	5	0	76.0	79.0	76.0	80.0	76.0	79.0	79.0	-1.0	78.0	82.0	78.1	
19:29:32	1744932572.4908552	1	2	1	79.0	79.0	79.0	82.0	81.0	78.0	-1.0	-1.0	82.0	82.0	79.8	
19:30:02	1744932602.493191	0	5	0	76.0	79.0	76.0	80.0	76.0	79.0	79.0	-1.0	78.0	80.0	78.2	
19:30:02	1744932602.5100517	1	2	1	79.0	79.0	79.0	82.0	81.0	78.0	-1.0	-1.0	82.0	82.0	79.8	
19:30:32	1744932632.4780748	0	5	0	76.0	79.0	76.0	80.0	76.0	79.0	79.0	-1.0	78.0	79.0	78.2	
19:30:32	1744932632.4951115	1	2	1	79.0	79.0	79.0	82.0	81.0	78.0	-1.0	-1.0	82.0	72.0	79.8	
19:31:02	1744932662.4118235	0	5	0	76.0	79.0	76.0	80.0	76.0	80.0	79.0	-1.0	78.0	79.0	78.3	
19:31:02	1744932662.4288802	1	2	1	79.0	79.0	79.0	82.0	81.0	78.0	-1.0	-1.0	82.0	63.0	79.8	
19:31:32	1744932692.3714418	0	5	0	76.0	79.0	76.0	80.0	76.0	80.0	79.0	-1.0	78.0	79.0	78.3	
19:31:32	1744932692.3884208	1	2	1	79.0	79.0	79.0	82.0	81.0	78.0	-1.0	-1.0	82.0	57.0	79.8	
19:32:02	1744932722.4157615	0	5	0	76.0	79.0	76.0	80.0	76.0	80.0	79.0	-1.0	78.0	79.0	78.3	
19:32:02	1744932722.4326882	1	2	1	79.0	79.0	79.0	82.0	81.0	78.0	-1.0	-1.0	82.0	55.0	79.8	
19:32:32	1744932752.3606267	0	5	0	76.0	79.0	76.0	80.0	76.0	80.0	79.0	-1.0	78.0	79.0	78.3	
19:32:32	1744932752.377663	1	2	1	79.0	79.0	79.0	82.0	81.0	78.0	-1.0	-1.0	82.0	53.0	79.8	
19:33:02	1744932782.2822056	0	5	0	76.0	79.0	76.0	80.0	76.0	80.0	79.0	-1.0	78.0	79.0	78.3	
19:33:03	1744932783.4122324	1	2	1	79.0	79.0	79.0	82.0	81.0	78.0	-1.0	-1.0	82.0	51.0	79.8	
19:33:32	1744932812.5348067	0	5	0	76.0	79.0	76.0	80.0	76.0	80.0	79.0	-1.0	78.0	79.0	78.3	
19:33:32	1744932812.551424	1	2	1	79.0	79.0	79.0	82.0	81.0	78.0	-1.0	-1.0	82.0	50.0	79.8	
19:34:02	1744932842.495179	0	5	0	76.0	79.0	76.0	80.0	76.0	80.0	79.0	-1.0	78.0	79.0	78.3	
19:34:02	1744932842.5121467	1	2	1	79.0	79.0	79.0	82.0	81.0	78.0	-1.0	-1.0	82.0	49.0	79.8	
19:34:33	1744932873.5232077	0	5	0	76.0	79.0	76.0	80.0	76.0	80.0	79.0	-1.0	78.0	79.0	78.3	
19:34:33	1744932873.5403404	1	2	1	78.0	79.0	79.0	82.0	81.0	78.0	-1.0	-1.0	82.0	49.0	79.8	
19:35:02	1744932902.543974	0	5	0	76.0	79.0	76.0	80.0	76.0	80.0	79.0	-1.0	78.0	79.0	78.3	
19:35:02	1744932902.5609012	1	2	1	78.0	79.0	79.0	82.0	81.0	78.0	-1.0	-1.0	82.0	48.0	79.8	
19:35:32	1744932932.5428495	0	5	0	76.0	79.0	76.0	80.0	76.0	80.0	79.0	-1.0	78.0	79.0	78.3	
19:35:32	1744932932.5608938	1	2	1	78.0	79.0	79.0	82.0	81.0	78.0	-1.0	-1.0	82.0	48.0	79.8	
19:36:02	1744932962.8205276	0	5	0	76.0	79.0	76.0	80.0	76.0	80.0	79.0	-1.0	78.0	79.0	78.3	
19:36:02	1744932962.8371289	1	2	1	78.0	79.0	79.0	82.0	81.0	78.0	-1.0	-1.0	82.0	47.0	79.8	
19:36:32	1744932992.4090786	0	5	0	76.0	79.0	76.0	80.0	76.0	80.0	79.0	-1.0	78.0	79.0	78.3	
19:36:32	1744932992.4259667	1	2	1	78.0	79.0	79.0	82.0	81.0	78.0	-1.0	-1.0	82.0	47.0	79.8	
19:37:02	1744933022.465951	0	5	0	76.0	79.0	76.0	80.0	76.0	80.0	79.0	-1.0	78.0	79.0	78.3	
19:37:02	1744933022.4806004	1	2	1	78.0	79.0	79.0	82.0	81.0	78.0	-1.0	-1.0	82.0	47.0	79.8	
19:37:32	1744933052.3772557	0	5	0	76.0	79.0	76.0	80.0	76.0	80.0	79.0	-1.0	78.0	79.0	78.3	
19:37:33	1744933053.5492074	1	2	1	78.0	79.0	79.0	82.0	81.0	78.0	-1.0	-1.0	82.0	46.0	79.8	
19:38:02	1744933082.4709542	0	5	0	76.0	79.0	76.0	80.0	76.0	80.0	79.0	-1.0	78.0	79.0	78.3	
19:38:02	1744933082.4879618	1	2	1	78.0	79.0	79.0	82.0	81.0	78.0	-1.0	-1.0	82.0	46.0	79.8	
19:38:32	1744933112.426147	0	5	0	76.0	79.0	76.0	80.0	76.0	80.0	79.0	-1.0	78.0	79.0	78.3	
19:38:32	1744933112.4431517	1	2	1	77.0	79.0	79.0	82.0	81.0	78.0	-1.0	-1.0	82.0	46.0	79.8	
19:39:02	1744933142.4368346	0	5	0	76.0	79.0	76.0	80.0	76.0	80.0	79.0	-1.0	78.0	80.0	78.3	
19:39:02	1744933142.4538233	1	2	1	77.0	79.0	79.0	82.0	81.0	78.0	-1.0	-1.0	82.0	46.0	79.8	
19:39:32	1744933172.518772	0	5	0	76.0	79.0	76.0	80.0	76.0	80.0	79.0	-1.0	78.0	79.0	78.3	
19:39:32	1744933172.5361369	1	2	1	77.0	79.0	79.0	82.0	81.0	78.0	-1.0	-1.0	82.0	46.0	79.8	
19:40:02	1744933202.6181068	0	5	0	76.0	79.0	76.0	80.0	76.0	80.0	79.0	-1.0	78.0	80.0	78.3	
19:40:02	1744933202.6351004	1	2	1	77.0	79.0	79.0	82.0	81.0	78.0	-1.0	-1.0	82.0	46.0	79.8	
19:40:32	1744933232.3552473	0	5	0	76.0	79.0	76.0	80.0	76.0	80.0	79.0	-1.0	78.0	80.0	78.3	
19:40:32	1744933232.3722494	1	2	1	76.0	79.0	79.0	82.0	81.0	78.0	-1.0	-1.0	82.0	46.0	79.8	
19:41:02	1744933262.3807664	0	5	0	76.0	79.0	76.0	80.0	76.0	80.0	79.0	-1.0	78.0	80.0	78.3	
19:41:02	1744933262.397763	1	2	1	76.0	79.0	79.0	82.0	81.0	78.0	-1.0	-1.0	81.0	46.0	79.8	
19:41:32	1744933292.2865777	0	5	0	76.0	79.0	76.0	80.0	76.0	80.0	79.0	-1.0	78.0	80.0	78.3	
19:41:32	1744933292.3036096	1	2	1	76.0	79.0	79.0	82.0	81.0	78.0	-1.0	-1.0	81.0	46.0	79.8	
19:42:02	1744933322.3088238	0	5	0	76.0	79.0	76.0	80.0	76.0	80.0	79.0	-1.0	78.0	80.0	78.3	
19:42:03	1744933323.446839	1	2	1	76.0	79.0	79.0	82.0	81.0	78.0	-1.0	-1.0	81.0	46.0	79.8	
19:42:32	1744933352.4955733	0	5	0	76.0	79.0	76.0	80.0	76.0	80.0	79.0	-1.0	78.0	80.0	78.3	
19:42:32	1744933352.5127056	1	2	1	76.0	79.0	79.0	82.0	81.0	78.0	-1.0	-1.0	81.0	45.0	79.8	
19:43:02	1744933382.4428313	0	5	0	76.0	79.0	76.0	80.0	76.0	80.0	79.0	-1.0	78.0	80.0	78.3	
19:43:02	1744933382.4600222	1	2	1	76.0	79.0	79.0	82.0	81.0	78.0	-1.0	-1.0	81.0	45.0	79.8	
19:43:33	1744933413.654253	0	5	0	76.0	79.0	76.0	80.0	76.0	80.0	79.0	-1.0	78.0	80.0	78.3	
19:43:33	1744933413.670743	1	2	1	75.0	79.0	79.0	82.0	81.0	78.0	-1.0	-1.0	81.0	45.0	79.8	
19:44:02	1744933442.5472624	0	5	0	76.0	79.0	76.0	80.0	76.0	80.0	79.0	-1.0	78.0	80.0	78.3	
19:44:02	1744933442.5636504	1	2	1	75.0	79.0	79.0	82.0	81.0	78.0	-1.0	-1.0	81.0	45.0	79.7	
19:44:32	1744933472.495667	0	5	0	76.0	79.0	76.0	80.0	76.0	80.0	79.0	-1.0	78.0	80.0	78.3	
19:44:32	1744933472.5129035	1	2	1	75.0	79.0	79.0	82.0	81.0	78.0	-1.0	-1.0	81.0	45.0	79.6	
19:45:02	1744933502.4208791	0	5	0	76.0	79.0	76.0	80.0	76.0	80.0	79.0	-1.0	78.0	80.0	78.3	
19:45:02	1744933502.4382238	1	2	1	75.0	79.0	79.0	82.0	80.0	78.0	-1.0	-1.0	81.0	45.0	79.5	
19:45:32	1744933532.4407146	0	5	0	76.0	79.0	76.0	80.0	76.0	80.0	79.0	-1.0	78.0	80.0	78.3	
19:45:32	1744933532.4574997	1	2	1	75.0	79.0	79.0	81.0	80.0	78.0	-1.0	-1.0	81.0	45.0	79.5	
19:46:02	1744933562.3771155	0	5	0	76.0	79.0	76.0	80.0	76.0	80.0	79.0	-1.0	78.0	80.0	78.3	
19:46:02	1744933562.3939788	1	2	1	75.0	79.0	79.0	81.0	81.0	78.0	-1.0	-1.0	81.0	44.0	79.5	
19:46:32	1744933592.4046679	0	5	0	76.0	79.0	76.0	80.0	76.0	80.0	79.0	-1.0	78.0	80.0	78.3	
19:46:33	1744933593.6251159	1	2	1	74.0	79.0	79.0	81.0	81.0	78.0	-1.0	-1.0	81.0	44.0	79.5	
19:47:02	1744933622.4464386	0	5	0	76.0	79.0	76.0	80.0	76.0	80.0	79.0	-1.0	78.0	80.0	78.3	
19:47:02	1744933622.4626515	1	2	1	74.0	79.0	79.0	81.0	80.0	78.0	-1.0	-1.0	81.0	44.0	79.4	
19:47:32	1744933652.4328787	0	5	0	76.0	79.0	76.0	80.0	76.0	80.0	79.0	-1.0	78.0	80.0	78.3	
19:47:32	1744933652.4469945	1	2	1	74.0	79.0	79.0	81.0	80.0	78.0	-1.0	-1.0	81.0	44.0	79.4	
19:48:02	1744933682.3112411	0	5	0	76.0	79.0	76.0	80.0	76.0	80.0	79.0	-1.0	78.0	80.0	78.3	
19:48:02	1744933682.328131	1	2	1	74.0	79.0	79.0	81.0	80.0	78.0	-1.0	-1.0	81.0	44.0	79.4	
19:48:32	1744933712.4707184	0	5	0	76.0	79.0	76.0	80.0	76.0	80.0	79.0	-1.0	78.0	80.0	78.3	
19:48:32	1744933712.4876518	1	2	1	74.0	79.0	79.0	81.0	80.0	78.0	-1.0	-1.0	81.0	44.0	79.4	
19:49:02	1744933742.5605843	0	5	0	76.0	79.0	76.0	80.0	76.0	80.0	79.0	-1.0	78.0	80.0	78.3	
19:49:02	1744933742.576937	1	2	1	74.0	79.0	79.0	81.0	80.0	78.0	-1.0	-1.0	81.0	44.0	79.3	
19:49:32	1744933772.4447098	0	5	0	76.0	79.0	76.0	80.0	76.0	80.0	79.0	-1.0	78.0	80.0	78.3	
19:49:32	1744933772.4617772	1	2	1	74.0	79.0	79.0	81.0	80.0	78.0	-1.0	-1.0	81.0	44.0	79.3	
19:50:02	1744933802.772016	0	5	0	76.0	79.0	76.0	80.0	76.0	80.0	79.0	-1.0	78.0	80.0	78.3	
19:50:02	1744933802.7890265	1	2	1	74.0	79.0	79.0	80.0	80.0	78.0	-1.0	-1.0	81.0	44.0	79.2	
19:50:32	1744933832.439855	0	5	0	76.0	79.0	76.0	80.0	76.0	80.0	79.0	-1.0	78.0	80.0	78.3	
19:50:32	1744933832.4568486	1	2	1	74.0	79.0	79.0	80.0	80.0	78.0	-1.0	-1.0	81.0	43.0	79.2	
19:51:02	1744933862.3849423	0	5	0	76.0	79.0	76.0	80.0	76.0	80.0	79.0	-1.0	78.0	80.0	78.3	
19:51:03	1744933863.5119972	1	2	1	74.0	79.0	79.0	80.0	80.0	78.0	-1.0	-1.0	80.0	43.0	79.2	
19:51:32	1744933892.3879716	0	5	0	76.0	79.0	76.0	80.0	76.0	80.0	79.0	-1.0	78.0	80.0	78.3	
19:51:32	1744933892.405179	1	2	1	73.0	79.0	79.0	80.0	80.0	78.0	-1.0	-1.0	80.0	43.0	79.2	
19:52:02	1744933922.3077672	0	5	0	76.0	79.0	76.0	80.0	76.0	80.0	79.0	-1.0	78.0	80.0	78.3	
19:52:02	1744933922.3247895	1	2	1	73.0	79.0	79.0	80.0	80.0	78.0	-1.0	-1.0	80.0	43.0	79.2	
19:52:32	1744933952.4018567	0	5	0	76.0	79.0	76.0	80.0	76.0	80.0	79.0	-1.0	78.0	80.0	78.3	
19:52:32	1744933952.4190056	1	2	1	73.0	79.0	79.0	80.0	80.0	78.0	-1.0	-1.0	80.0	43.0	79.2	
19:53:02	1744933982.4009256	0	5	0	76.0	79.0	76.0	80.0	76.0	80.0	79.0	-1.0	78.0	80.0	78.3	
19:53:02	1744933982.4178798	1	2	1	73.0	79.0	79.0	80.0	80.0	78.0	-1.0	-1.0	80.0	43.0	79.2	
19:53:32	1744934012.3817956	0	5	0	76.0	79.0	76.0	80.0	76.0	80.0	79.0	-1.0	78.0	80.0	78.3	
19:53:32	1744934012.3988607	1	2	1	73.0	79.0	79.0	80.0	80.0	78.0	-1.0	-1.0	80.0	43.0	79.2	
19:54:02	1744934042.2751427	0	5	0	76.0	79.0	76.0	80.0	76.0	80.0	79.0	-1.0	78.0	80.0	78.3	
19:54:02	1744934042.2924426	1	2	1	73.0	79.0	79.0	80.0	80.0	78.0	-1.0	-1.0	80.0	43.0	79.1	
19:54:32	1744934072.372305	0	5	0	76.0	79.0	76.0	80.0	76.0	80.0	79.0	-1.0	78.0	80.0	78.3	
19:54:32	1744934072.3890164	1	2	1	73.0	79.0	79.0	80.0	80.0	78.0	-1.0	-1.0	80.0	43.0	79.1	
19:55:02	1744934102.5173235	0	5	0	76.0	79.0	76.0	80.0	76.0	80.0	79.0	-1.0	78.0	80.0	78.3	
19:55:02	1744934102.5338547	1	2	1	73.0	79.0	79.0	80.0	79.0	78.0	-1.0	-1.0	80.0	43.0	78.9	
19:55:32	1744934132.410228	0	5	0	76.0	79.0	76.0	80.0	76.0	80.0	79.0	-1.0	78.0	80.0	78.3	
19:55:33	1744934133.545922	1	2	1	73.0	79.0	79.0	80.0	79.0	78.0	-1.0	-1.0	80.0	43.0	78.9	
19:56:03	1744934163.6917348	0	5	0	76.0	79.0	76.0	80.0	76.0	80.0	79.0	-1.0	78.0	80.0	78.3	
19:56:03	1744934163.7201664	1	2	1	73.0	79.0	79.0	79.0	79.0	78.0	-1.0	-1.0	80.0	43.0	78.8	
19:56:32	1744934192.536976	0	5	0	76.0	79.0	76.0	80.0	76.0	80.0	79.0	-1.0	78.0	80.0	78.3	
19:56:32	1744934192.5659425	1	2	1	72.0	79.0	79.0	79.0	79.0	78.0	-1.0	-1.0	80.0	43.0	78.8	
19:57:02	1744934222.6880069	0	5	0	76.0	79.0	76.0	80.0	76.0	80.0	79.0	-1.0	78.0	80.0	78.3	
19:57:02	1744934222.7150059	1	2	1	72.0	79.0	79.0	79.0	79.0	78.0	-1.0	-1.0	80.0	43.0	78.8	
19:57:32	1744934252.3827891	0	5	0	76.0	79.0	76.0	80.0	76.0	80.0	79.0	-1.0	78.0	80.0	78.3	
19:57:32	1744934252.411785	1	2	1	72.0	79.0	79.0	79.0	79.0	78.0	-1.0	-1.0	80.0	42.0	78.8	
19:58:02	1744934282.4278421	0	5	0	76.0	79.0	76.0	80.0	76.0	80.0	79.0	-1.0	78.0	80.0	78.3	
19:58:02	1744934282.4562387	1	2	1	72.0	79.0	79.0	79.0	79.0	78.0	-1.0	-1.0	80.0	42.0	78.8	
19:58:32	1744934312.419064	0	5	0	76.0	79.0	76.0	80.0	76.0	80.0	79.0	-1.0	78.0	80.0	78.3	
19:58:32	1744934312.44801	1	2	1	72.0	79.0	79.0	79.0	79.0	78.0	-1.0	-1.0	80.0	41.0	78.8	
19:59:02	1744934342.388684	0	5	0	76.0	79.0	76.0	80.0	76.0	80.0	79.0	-1.0	78.0	80.0	78.3	
19:59:02	1744934342.417687	1	2	1	72.0	79.0	79.0	79.0	79.0	78.0	-1.0	-1.0	80.0	41.0	78.8	
19:59:32	1744934372.4269545	0	5	0	76.0	79.0	76.0	80.0	76.0	80.0	79.0	-1.0	78.0	80.0	78.3	
19:59:32	1744934372.455919	1	2	1	73.0	79.0	79.0	79.0	79.0	78.0	-1.0	-1.0	79.0	41.0	78.8	
20:00:02	1744934402.3729882	0	5	0	76.0	79.0	76.0	80.0	76.0	80.0	79.0	-1.0	78.0	80.0	78.3	
20:00:02	1744934402.4015436	1	2	1	73.0	79.0	79.0	79.0	79.0	78.0	-1.0	-1.0	79.0	41.0	78.8	
20:00:32	1744934432.37946	0	5	0	76.0	79.0	76.0	80.0	76.0	80.0	79.0	-1.0	78.0	80.0	78.3	
20:00:32	1744934432.4087682	1	2	1	73.0	79.0	79.0	79.0	79.0	78.0	-1.0	-1.0	79.0	41.0	78.7	
20:01:02	1744934462.43186	0	5	0	76.0	79.0	76.0	80.0	76.0	80.0	79.0	-1.0	78.0	80.0	78.3	
20:01:03	1744934463.5900857	1	5	0	73.0	79.0	79.0	79.0	79.0	78.0	-1.0	-1.0	79.0	41.0	78.7	
20:01:32	1744934492.4728682	0	5	0	76.0	79.0	76.0	80.0	76.0	80.0	79.0	-1.0	78.0	80.0	78.3	
20:01:32	1744934492.5041656	1	5	0	73.0	79.0	78.0	79.0	79.0	78.0	-1.0	-1.0	79.0	41.0	78.6	
20:02:02	1744934522.3666272	0	5	0	76.0	79.0	76.0	80.0	76.0	80.0	79.0	-1.0	78.0	80.0	78.3	
20:02:02	1744934522.3976972	1	5	0	74.0	79.0	78.0	79.0	79.0	78.0	-1.0	-1.0	79.0	41.0	78.6	
20:02:32	1744934552.5032315	0	5	0	76.0	79.0	76.0	80.0	76.0	80.0	79.0	-1.0	78.0	80.0	78.3	
20:02:32	1744934552.5341437	1	5	0	74.0	79.0	78.0	79.0	79.0	78.0	-1.0	-1.0	79.0	46.0	78.6	
20:03:02	1744934582.5304224	0	5	0	76.0	79.0	76.0	80.0	76.0	80.0	79.0	-1.0	78.0	80.0	78.3	
20:03:02	1744934582.5614328	1	5	0	74.0	79.0	78.0	79.0	79.0	78.0	-1.0	-1.0	79.0	56.0	78.6	
20:03:32	1744934612.429873	0	5	0	76.0	79.0	76.0	80.0	76.0	80.0	79.0	-1.0	78.0	80.0	78.3	
20:03:32	1744934612.4618654	1	5	0	74.0	79.0	78.0	79.0	79.0	78.0	-1.0	-1.0	79.0	59.0	78.6	
20:04:02	1744934642.7019033	0	5	0	76.0	79.0	76.0	80.0	76.0	80.0	79.0	-1.0	78.0	80.0	78.3	
20:04:02	1744934642.7327645	1	5	0	74.0	79.0	78.0	79.0	79.0	78.0	-1.0	-1.0	79.0	60.0	78.6	
20:04:32	1744934672.5147796	0	5	0	76.0	79.0	76.0	80.0	76.0	80.0	79.0	-1.0	78.0	80.0	78.3	
20:04:32	1744934672.5397937	1	5	0	74.0	79.0	78.0	79.0	79.0	78.0	-1.0	-1.0	79.0	61.0	78.6	
20:05:02	1744934702.6896453	0	5	0	76.0	79.0	76.0	80.0	76.0	80.0	79.0	-1.0	78.0	80.0	78.3	
20:05:02	1744934702.7207062	1	5	0	74.0	79.0	78.0	79.0	79.0	78.0	-1.0	-1.0	79.0	62.0	78.6	
20:05:32	1744934732.2933881	0	5	0	76.0	79.0	76.0	80.0	76.0	80.0	79.0	-1.0	78.0	80.0	78.3	
20:05:32	1744934732.318525	1	5	0	74.0	79.0	78.0	79.0	79.0	78.0	-1.0	-1.0	79.0	62.0	78.6	
20:06:02	1744934762.327887	0	5	0	76.0	79.0	76.0	80.0	76.0	80.0	79.0	-1.0	78.0	80.0	78.3	
20:06:02	1744934762.3528767	1	5	0	74.0	79.0	78.0	79.0	79.0	78.0	-1.0	-1.0	79.0	63.0	78.6	
20:06:32	1744934792.4684017	0	5	0	76.0	79.0	76.0	80.0	76.0	80.0	79.0	-1.0	78.0	80.0	78.3	
20:06:32	1744934792.4993186	1	5	0	74.0	79.0	78.0	79.0	79.0	78.0	-1.0	-1.0	79.0	63.0	78.6	
20:07:02	1744934822.3439634	0	5	0	76.0	79.0	76.0	80.0	76.0	80.0	79.0	-1.0	78.0	80.0	78.3	
20:07:02	1744934822.3730702	1	5	0	74.0	79.0	78.0	79.0	79.0	78.0	-1.0	-1.0	79.0	63.0	78.5	
20:07:32	1744934852.4577959	0	5	0	76.0	79.0	76.0	80.0	76.0	80.0	79.0	-1.0	78.0	80.0	78.3	
20:07:32	1744934852.4828823	1	5	0	74.0	79.0	78.0	79.0	79.0	78.0	-1.0	-1.0	79.0	62.0	78.5	
20:08:02	1744934882.3660517	0	5	0	76.0	79.0	76.0	80.0	76.0	80.0	79.0	-1.0	78.0	80.0	78.3	
20:08:02	1744934882.3974924	1	5	0	75.0	79.0	78.0	78.0	79.0	78.0	-1.0	-1.0	79.0	63.0	78.4	
20:08:32	1744934912.4381294	0	5	0	76.0	79.0	76.0	80.0	76.0	80.0	79.0	-1.0	78.0	80.0	78.3	
20:08:32	1744934912.4691515	1	5	0	74.0	79.0	78.0	78.0	79.0	78.0	-1.0	-1.0	79.0	63.0	78.4	
20:09:02	1744934942.419905	0	5	0	76.0	79.0	76.0	80.0	76.0	80.0	79.0	-1.0	78.0	80.0	78.3	
20:09:02	1744934942.4518678	1	5	0	75.0	79.0	78.0	78.0	79.0	78.0	-1.0	-1.0	79.0	64.0	78.4	
20:09:32	1744934972.8926854	0	5	0	76.0	79.0	76.0	80.0	76.0	80.0	79.0	-1.0	78.0	80.0	78.3	
20:09:32	1744934972.923676	1	5	0	75.0	79.0	78.0	78.0	79.0	78.0	-1.0	-1.0	78.0	64.0	78.4	
20:10:02	1744935002.425572	0	5	0	76.0	79.0	76.0	80.0	76.0	80.0	79.0	-1.0	78.0	80.0	78.4	
20:10:02	1744935002.4507115	1	5	0	75.0	79.0	78.0	78.0	79.0	78.0	-1.0	-1.0	78.0	64.0	78.3	
20:10:32	1744935032.6954753	0	5	0	76.0	79.0	77.0	80.0	76.0	80.0	79.0	-1.0	78.0	80.0	78.4	
20:10:32	1744935032.720678	1	5	0	75.0	79.0	78.0	78.0	79.0	78.0	-1.0	-1.0	78.0	65.0	78.3	
20:11:02	1744935062.484192	0	5	0	76.0	79.0	77.0	80.0	76.0	80.0	79.0	-1.0	78.0	80.0	78.4	
20:11:02	1744935062.5154753	1	5	0	75.0	78.0	78.0	78.0	79.0	78.0	-1.0	-1.0	78.0	65.0	78.2	
20:11:32	1744935092.393239	0	5	0	76.0	79.0	77.0	80.0	76.0	80.0	79.0	-1.0	78.0	80.0	78.4	
20:11:32	1744935092.425215	1	5	0	75.0	78.0	78.0	78.0	79.0	78.0	-1.0	-1.0	78.0	65.0	78.2	
20:12:02	1744935122.9170191	0	5	0	76.0	79.0	77.0	80.0	76.0	80.0	79.0	-1.0	78.0	80.0	78.3	
20:12:02	1744935122.9479399	1	5	0	75.0	78.0	78.0	78.0	79.0	78.0	-1.0	-1.0	78.0	66.0	78.2	
20:12:32	1744935152.514443	0	5	0	76.0	79.0	76.0	80.0	76.0	80.0	79.0	-1.0	78.0	80.0	78.3	
20:12:32	1744935152.545388	1	5	0	75.0	78.0	78.0	78.0	79.0	78.0	-1.0	-1.0	79.0	67.0	78.2	
20:13:02	1744935182.4143107	0	5	0	76.0	79.0	76.0	80.0	76.0	80.0	79.0	-1.0	78.0	80.0	78.3	
20:13:02	1744935182.4453044	1	5	0	75.0	78.0	78.0	78.0	79.0	78.0	-1.0	-1.0	79.0	67.0	78.2	
20:13:32	1744935212.3481216	0	5	0	76.0	79.0	76.0	80.0	76.0	80.0	79.0	-1.0	78.0	80.0	78.3	
20:13:32	1744935212.3791473	1	5	0	75.0	78.0	78.0	78.0	79.0	78.0	-1.0	-1.0	78.0	68.0	78.2	
20:14:02	1744935242.6252398	0	5	0	76.0	79.0	76.0	80.0	76.0	80.0	79.0	-1.0	78.0	80.0	78.3	
20:14:02	1744935242.657293	1	5	0	75.0	78.0	78.0	78.0	79.0	78.0	-1.0	-1.0	78.0	69.0	78.2	
20:14:32	1744935272.35285	0	5	0	76.0	79.0	76.0	80.0	76.0	80.0	79.0	-1.0	78.0	80.0	78.3	
20:14:32	1744935272.383765	1	5	0	75.0	78.0	78.0	78.0	79.0	78.0	-1.0	-1.0	78.0	70.0	78.2	
20:15:02	1744935302.307632	0	5	0	76.0	79.0	76.0	80.0	76.0	80.0	79.0	-1.0	78.0	80.0	78.3	
20:15:02	1744935302.338846	1	5	0	75.0	78.0	78.0	78.0	79.0	78.0	-1.0	-1.0	78.0	71.0	78.2	
20:15:32	1744935332.3954353	0	5	0	76.0	79.0	76.0	80.0	76.0	80.0	79.0	-1.0	78.0	80.0	78.3	
20:15:32	1744935332.420532	1	5	0	75.0	78.0	78.0	78.0	79.0	78.0	-1.0	-1.0	78.0	72.0	78.2	
20:16:02	1744935362.9668002	0	5	0	76.0	79.0	76.0	80.0	76.0	80.0	79.0	-1.0	78.0	80.0	78.3	
20:16:03	1744935363.0000203	1	5	0	75.0	78.0	78.0	78.0	79.0	78.0	-1.0	-1.0	78.0	73.0	78.2	
20:16:32	1744935392.647584	0	5	0	76.0	79.0	76.0	80.0	76.0	80.0	79.0	-1.0	78.0	80.0	78.3	
20:16:32	1744935392.6785984	1	5	0	75.0	78.0	78.0	78.0	79.0	78.0	-1.0	-1.0	78.0	73.0	78.2	
20:17:02	1744935422.8366323	0	5	0	76.0	79.0	76.0	80.0	76.0	80.0	79.0	-1.0	78.0	80.0	78.3	
20:17:02	1744935422.8616889	1	5	0	75.0	78.0	78.0	78.0	79.0	78.0	-1.0	-1.0	78.0	74.0	78.2	
20:17:32	1744935452.4265044	0	5	0	76.0	79.0	76.0	80.0	76.0	80.0	79.0	-1.0	78.0	80.0	78.3	
20:17:32	1744935452.4575582	1	5	0	75.0	78.0	78.0	78.0	79.0	78.0	-1.0	-1.0	78.0	75.0	78.2	
20:18:02	1744935482.5268168	0	5	0	76.0	79.0	76.0	80.0	76.0	80.0	79.0	-1.0	78.0	80.0	78.3	
20:18:02	1744935482.5577137	1	5	0	75.0	78.0	78.0	78.0	79.0	78.0	-1.0	-1.0	78.0	75.0	78.2	
20:18:32	1744935512.4106343	0	5	0	76.0	79.0	76.0	80.0	76.0	80.0	79.0	-1.0	78.0	80.0	78.3	
20:18:32	1744935512.4417775	1	5	0	75.0	78.0	78.0	78.0	79.0	78.0	-1.0	-1.0	78.0	76.0	78.2	
20:19:03	1744935543.5080616	0	5	0	76.0	79.0	76.0	80.0	76.0	80.0	79.0	-1.0	78.0	80.0	78.3	
20:19:03	1744935543.5400126	1	5	0	76.0	78.0	78.0	78.0	79.0	78.0	-1.0	-1.0	78.0	77.0	78.2	
20:19:32	1744935572.3784494	0	5	0	76.0	79.0	76.0	80.0	76.0	80.0	79.0	-1.0	78.0	80.0	78.3	
20:19:32	1744935572.4094627	1	5	0	76.0	78.0	78.0	78.0	79.0	78.0	-1.0	-1.0	78.0	77.0	78.2	
20:20:02	1744935602.4210079	0	5	0	76.0	79.0	76.0	80.0	76.0	80.0	79.0	-1.0	78.0	80.0	78.3	
20:20:02	1744935602.4520414	1	5	0	76.0	78.0	78.0	78.0	79.0	78.0	-1.0	-1.0	78.0	78.0	78.2	
20:20:32	1744935632.496563	0	5	0	76.0	79.0	76.0	80.0	76.0	80.0	79.0	-1.0	78.0	80.0	78.3	
20:20:32	1744935632.527594	1	5	0	76.0	78.0	78.0	78.0	79.0	78.0	-1.0	-1.0	77.0	78.0	78.2	
20:21:02	1744935662.5622377	0	5	0	76.0	79.0	76.0	80.0	76.0	80.0	79.0	-1.0	78.0	80.0	78.3	
20:21:02	1744935662.5871894	1	5	0	76.0	78.0	78.0	78.0	79.0	78.0	-1.0	-1.0	77.0	78.0	78.2	
20:21:32	1744935692.414475	0	5	0	76.0	79.0	76.0	80.0	76.0	80.0	79.0	-1.0	78.0	80.0	78.3	
20:21:32	1744935692.4453876	1	5	0	76.0	78.0	78.0	78.0	79.0	78.0	-1.0	-1.0	77.0	78.0	78.2	
20:22:02	1744935722.5655653	0	5	0	76.0	79.0	76.0	80.0	76.0	80.0	79.0	-1.0	78.0	80.0	78.3	
20:22:02	1744935722.590621	1	5	0	76.0	78.0	78.0	78.0	79.0	78.0	-1.0	-1.0	77.0	78.0	78.2	
20:22:32	1744935752.372278	0	5	0	76.0	79.0	76.0	80.0	76.0	80.0	79.0	-1.0	78.0	80.0	78.3	
20:22:32	1744935752.3972366	1	5	0	76.0	78.0	78.0	78.0	79.0	78.0	-1.0	-1.0	77.0	79.0	78.2	
20:23:02	1744935782.2912772	0	5	0	76.0	79.0	76.0	80.0	76.0	80.0	79.0	-1.0	78.0	80.0	78.3	
20:23:03	1744935783.4410589	1	0	0	76.0	78.0	78.0	78.0	79.0	78.0	-1.0	-1.0	77.0	79.0	78.2	
20:23:32	1744935812.421759	0	5	0	76.0	79.0	76.0	80.0	76.0	80.0	79.0	-1.0	78.0	80.0	78.3	
20:23:32	1744935812.422164	1	0	0	76.0	78.0	78.0	78.0	79.0	78.0	-1.0	-1.0	77.0	79.0	78.2	
20:24:02	1744935842.5777006	0	5	0	76.0	79.0	76.0	80.0	76.0	80.0	79.0	-1.0	78.0	80.0	78.4	
20:24:02	1744935842.5781267	1	0	0	76.0	78.0	78.0	78.0	79.0	78.0	-1.0	-1.0	77.0	79.0	78.2	
20:24:32	1744935872.638643	0	5	0	76.0	80.0	76.0	80.0	76.0	80.0	79.0	-1.0	78.0	80.0	78.4	
20:24:32	1744935872.6390352	1	0	0	76.0	78.0	78.0	78.0	79.0	78.0	-1.0	-1.0	77.0	79.0	78.2	
20:25:02	1744935902.4577508	0	5	0	76.0	80.0	76.0	80.0	76.0	80.0	79.0	-1.0	78.0	80.0	78.4	
20:25:02	1744935902.4581585	1	0	0	76.0	78.0	78.0	78.0	79.0	78.0	-1.0	-1.0	77.0	79.0	78.2	
20:25:32	1744935932.546831	0	5	0	76.0	80.0	76.0	80.0	76.0	80.0	79.0	-1.0	78.0	80.0	78.4	
20:25:32	1744935932.547272	1	0	0	76.0	78.0	78.0	78.0	79.0	78.0	-1.0	-1.0	77.0	79.0	78.2	
20:26:02	1744935962.426221	0	5	0	76.0	80.0	76.0	80.0	76.0	80.0	79.0	-1.0	78.0	80.0	78.4	
20:26:02	1744935962.426648	1	0	0	76.0	78.0	78.0	78.0	79.0	78.0	-1.0	-1.0	77.0	79.0	78.2	
20:26:32	1744935992.6512158	0	5	0	76.0	80.0	76.0	80.0	76.0	80.0	79.0	-1.0	78.0	80.0	78.4	
20:26:32	1744935992.6516275	1	0	0	76.0	78.0	78.0	78.0	79.0	78.0	-1.0	-1.0	77.0	79.0	78.3	
20:27:02	1744936022.5794485	0	5	0	76.0	80.0	76.0	80.0	76.0	80.0	79.0	-1.0	78.0	80.0	78.4	
20:27:02	1744936022.5798779	1	0	0	76.0	78.0	78.0	78.0	79.0	78.0	-1.0	-1.0	77.0	79.0	78.3	
20:27:32	1744936052.3804436	0	5	0	76.0	79.0	76.0	80.0	76.0	80.0	79.0	-1.0	78.0	80.0	78.4	
20:27:32	1744936052.3809023	1	0	0	76.0	79.0	78.0	78.0	79.0	78.0	-1.0	-1.0	77.0	79.0	78.4	
20:28:02	1744936082.422039	0	5	0	76.0	79.0	77.0	80.0	76.0	80.0	79.0	-1.0	78.0	80.0	78.4	
20:28:02	1744936082.4224656	1	0	0	76.0	79.0	78.0	78.0	79.0	78.0	-1.0	-1.0	77.0	79.0	78.4	
20:28:32	1744936112.444081	0	5	0	76.0	79.0	77.0	80.0	76.0	80.0	79.0	-1.0	78.0	80.0	78.5	
20:28:32	1744936112.4444904	1	0	0	76.0	79.0	78.0	78.0	79.0	78.0	-1.0	-1.0	77.0	79.0	78.4	
20:29:02	1744936142.420004	0	5	0	76.0	79.0	77.0	80.0	76.0	80.0	79.0	-1.0	78.0	80.0	78.5	
20:29:02	1744936142.4204094	1	0	0	76.0	79.0	78.0	78.0	79.0	78.0	-1.0	-1.0	77.0	79.0	78.4	
20:29:32	1744936172.337677	0	5	0	76.0	80.0	77.0	80.0	76.0	80.0	79.0	-1.0	78.0	80.0	78.6	
20:29:32	1744936172.3442101	1	0	0	76.0	79.0	78.0	78.0	79.0	78.0	-1.0	-1.0	77.0	79.0	78.4	
20:30:02	1744936202.3410594	0	5	0	76.0	80.0	77.0	80.0	76.0	80.0	79.0	-1.0	78.0	80.0	78.6	
20:30:02	1744936202.3473718	1	0	0	76.0	79.0	78.0	78.0	79.0	78.0	-1.0	-1.0	77.0	79.0	78.4	
20:30:32	1744936232.569343	0	5	0	76.0	80.0	77.0	80.0	76.0	80.0	79.0	-1.0	78.0	80.0	78.5	
20:30:32	1744936232.5757494	1	0	0	77.0	79.0	78.0	78.0	79.0	78.0	-1.0	-1.0	77.0	79.0	78.3	
20:31:02	1744936262.4847553	0	5	0	76.0	80.0	77.0	80.0	76.0	80.0	79.0	-1.0	78.0	80.0	78.5	
20:31:02	1744936262.485197	1	0	0	77.0	79.0	78.0	78.0	79.0	78.0	-1.0	-1.0	77.0	79.0	78.3	
20:31:32	1744936292.4483972	0	5	0	76.0	79.0	77.0	80.0	76.0	80.0	79.0	-1.0	78.0	80.0	78.4	
20:31:32	1744936292.4488597	1	0	0	77.0	78.0	78.0	78.0	79.0	78.0	-1.0	-1.0	77.0	79.0	78.4	
20:32:02	1744936322.4334722	0	5	0	76.0	79.0	77.0	80.0	76.0	80.0	79.0	-1.0	78.0	80.0	78.4	
20:32:02	1744936322.4404624	1	0	0	77.0	78.0	79.0	78.0	79.0	78.0	-1.0	-1.0	77.0	79.0	78.5	
20:32:32	1744936352.7093432	0	5	0	76.0	79.0	77.0	80.0	76.0	80.0	79.0	-1.0	78.0	80.0	78.4	
20:32:32	1744936352.7163417	1	0	0	77.0	78.0	79.0	79.0	79.0	78.0	-1.0	-1.0	77.0	79.0	78.5	
20:33:02	1744936382.4572437	0	5	0	76.0	79.0	77.0	80.0	76.0	80.0	79.0	-1.0	78.0	80.0	78.4	
20:33:02	1744936382.4642506	1	0	0	77.0	78.0	78.0	79.0	79.0	78.0	-1.0	-1.0	76.0	79.0	78.5	
20:33:32	1744936412.4654465	0	5	0	76.0	79.0	77.0	80.0	76.0	80.0	79.0	-1.0	78.0	80.0	78.4	
20:33:32	1744936412.465729	1	0	0	77.0	79.0	78.0	79.0	79.0	78.0	-1.0	-1.0	76.0	79.0	78.6	
20:34:02	1744936442.4518745	0	5	0	76.0	79.0	77.0	80.0	76.0	80.0	79.0	-1.0	78.0	80.0	78.4	
20:34:02	1744936442.4523048	1	0	0	77.0	79.0	78.0	79.0	79.0	78.0	-1.0	-1.0	76.0	79.0	78.6	
20:34:32	1744936472.5393853	0	5	0	76.0	79.0	77.0	80.0	76.0	80.0	79.0	-1.0	78.0	80.0	78.4	
20:34:32	1744936472.546205	1	0	0	77.0	79.0	78.0	79.0	79.0	78.0	-1.0	-1.0	76.0	79.0	78.6	
20:35:02	1744936502.3396828	0	5	0	76.0	79.0	77.0	80.0	76.0	80.0	79.0	-1.0	78.0	80.0	78.4	
20:35:02	1744936502.3469238	1	0	0	77.0	79.0	78.0	79.0	79.0	78.0	-1.0	-1.0	76.0	79.0	78.6	
20:35:32	1744936532.3831828	0	5	0	76.0	79.0	77.0	80.0	76.0	80.0	79.0	-1.0	78.0	80.0	78.4	
20:35:32	1744936532.3901472	1	0	0	78.0	79.0	78.0	79.0	79.0	78.0	-1.0	-1.0	76.0	79.0	78.6	
20:36:02	1744936562.399287	0	5	0	76.0	79.0	77.0	80.0	76.0	80.0	79.0	-1.0	78.0	80.0	78.4	
20:36:02	1744936562.3996885	1	0	0	78.0	79.0	78.0	79.0	79.0	78.0	-1.0	-1.0	76.0	79.0	78.6	
20:36:32	1744936592.3367336	0	5	0	76.0	79.0	77.0	80.0	76.0	80.0	79.0	-1.0	78.0	80.0	78.5	
20:36:32	1744936592.337145	1	0	0	78.0	79.0	78.0	79.0	79.0	78.0	-1.0	-1.0	76.0	79.0	78.5	
20:37:04	1744936624.5297883	0	5	0	76.0	79.0	77.0	80.0	76.0	80.0	79.0	-1.0	78.0	80.0	78.6	
20:37:04	1744936624.530228	1	0	0	78.0	79.0	78.0	79.0	79.0	78.0	-1.0	-1.0	76.0	79.0	78.5	
20:37:32	1744936652.425292	0	5	0	76.0	80.0	77.0	80.0	76.0	80.0	79.0	-1.0	78.0	80.0	78.7	
20:37:32	1744936652.4257293	1	0	0	78.0	79.0	78.0	78.0	79.0	78.0	-1.0	-1.0	76.0	79.0	78.3	
20:38:02	1744936682.6937113	0	5	0	76.0	80.0	77.0	80.0	76.0	80.0	80.0	-1.0	78.0	80.0	78.7	
20:38:02	1744936682.6941414	1	0	0	78.0	79.0	78.0	78.0	79.0	78.0	-1.0	-1.0	76.0	79.0	78.3	
20:38:32	1744936712.4271793	0	5	0	76.0	80.0	77.0	80.0	76.0	80.0	80.0	-1.0	78.0	80.0	78.6	
20:38:32	1744936712.4275873	1	0	0	78.0	78.0	78.0	78.0	79.0	78.0	-1.0	-1.0	76.0	79.0	78.3	
20:39:02	1744936742.4979491	0	5	0	76.0	80.0	77.0	80.0	76.0	80.0	79.0	-1.0	78.0	80.0	78.6	
20:39:02	1744936742.498359	1	0	0	78.0	78.0	78.0	78.0	79.0	78.0	-1.0	-1.0	76.0	79.0	78.3	
20:39:32	1744936772.469689	0	5	0	76.0	80.0	77.0	80.0	76.0	80.0	79.0	-1.0	78.0	80.0	78.6	
20:39:32	1744936772.4700918	1	0	0	78.0	79.0	78.0	78.0	79.0	78.0	-1.0	-1.0	76.0	79.0	78.4	
20:40:02	1744936802.3969092	0	5	0	76.0	80.0	77.0	80.0	76.0	80.0	79.0	-1.0	78.0	80.0	78.6	
20:40:02	1744936802.3973413	1	0	0	78.0	79.0	78.0	78.0	79.0	78.0	-1.0	-1.0	76.0	79.0	78.4	
20:40:32	1744936832.6162918	0	5	0	76.0	80.0	77.0	80.0	76.0	80.0	79.0	-1.0	78.0	80.0	78.5	
20:40:32	1744936832.6167169	1	0	0	78.0	79.0	78.0	78.0	79.0	78.0	-1.0	-1.0	76.0	79.0	78.5	
20:41:02	1744936862.8128376	0	5	0	76.0	80.0	77.0	80.0	76.0	80.0	79.0	-1.0	78.0	80.0	78.5	
20:41:02	1744936862.8132777	1	0	0	78.0	79.0	78.0	78.0	79.0	78.0	-1.0	-1.0	76.0	79.0	78.5	
20:41:34	1744936894.8960118	0	5	0	76.0	79.0	77.0	80.0	76.0	80.0	79.0	-1.0	78.0	80.0	78.4	
20:41:34	1744936894.8964443	1	0	0	78.0	79.0	78.0	79.0	79.0	78.0	-1.0	-1.0	76.0	79.0	78.6	
20:42:02	1744936922.4293425	0	5	0	76.0	79.0	77.0	80.0	76.0	80.0	79.0	-1.0	78.0	80.0	78.4	
20:42:02	1744936922.4297743	1	0	0	78.0	79.0	78.0	79.0	79.0	78.0	-1.0	-1.0	76.0	79.0	78.6	
20:42:32	1744936952.393336	0	5	0	76.0	79.0	77.0	80.0	76.0	80.0	79.0	-1.0	78.0	80.0	78.4	
20:42:32	1744936952.3937638	1	0	0	78.0	79.0	78.0	79.0	79.0	78.0	-1.0	-1.0	76.0	79.0	78.6	
20:43:02	1744936982.3514738	0	5	0	76.0	79.0	77.0	80.0	76.0	80.0	79.0	-1.0	78.0	80.0	78.4	
20:43:02	1744936982.3584685	1	0	0	78.0	79.0	78.0	79.0	79.0	78.0	-1.0	-1.0	76.0	79.0	78.6	
20:43:32	1744937012.6172733	0	5	0	76.0	79.0	77.0	80.0	76.0	80.0	79.0	-1.0	78.0	80.0	78.4	
20:43:32	1744937012.624255	1	0	0	78.0	79.0	78.0	79.0	79.0	78.0	-1.0	-1.0	76.0	79.0	78.6	
20:44:02	1744937042.7327304	0	5	0	76.0	79.0	77.0	80.0	76.0	80.0	79.0	-1.0	78.0	80.0	78.4	
20:44:02	1744937042.7397294	1	0	0	78.0	79.0	78.0	79.0	79.0	78.0	-1.0	-1.0	75.0	79.0	78.6	
20:44:32	1744937072.6278827	0	5	0	76.0	79.0	77.0	80.0	76.0	80.0	79.0	-1.0	78.0	80.0	78.4	
20:44:32	1744937072.6283216	1	0	0	78.0	79.0	78.0	79.0	79.0	78.0	-1.0	-1.0	75.0	79.0	78.6	
20:45:02	1744937102.5481503	0	5	0	76.0	79.0	77.0	80.0	76.0	80.0	79.0	-1.0	78.0	80.0	78.4	
20:45:02	1744937102.5485818	1	0	0	78.0	79.0	78.0	79.0	79.0	78.0	-1.0	-1.0	75.0	79.0	78.6	
20:45:32	1744937132.4410334	0	5	0	76.0	79.0	77.0	80.0	76.0	80.0	79.0	-1.0	78.0	80.0	78.4	
20:45:32	1744937132.4414523	1	0	0	78.0	79.0	78.0	79.0	79.0	78.0	-1.0	-1.0	75.0	79.0	78.6	
20:46:02	1744937162.3741999	0	5	0	76.0	79.0	77.0	80.0	76.0	80.0	79.0	-1.0	78.0	80.0	78.4	
20:46:02	1744937162.3746011	1	0	0	78.0	79.0	78.0	79.0	79.0	78.0	-1.0	-1.0	75.0	79.0	78.6	
20:46:32	1744937192.3804886	0	5	0	76.0	79.0	77.0	80.0	76.0	80.0	79.0	-1.0	78.0	80.0	78.5	
20:46:32	1744937192.3809278	1	0	0	78.0	79.0	78.0	79.0	79.0	78.0	-1.0	-1.0	75.0	79.0	78.6	
20:47:02	1744937222.513687	0	5	0	76.0	79.0	77.0	80.0	76.0	80.0	79.0	-1.0	78.0	80.0	78.5	
20:47:02	1744937222.514126	1	0	0	78.0	79.0	78.0	79.0	79.0	78.0	-1.0	-1.0	75.0	79.0	78.6	
20:47:32	1744937252.3378599	0	5	0	76.0	80.0	77.0	80.0	76.0	80.0	79.0	-1.0	78.0	80.0	78.5	
20:47:32	1744937252.338286	1	0	0	78.0	79.0	78.0	79.0	79.0	78.0	-1.0	-1.0	75.0	79.0	78.6	
20:48:02	1744937282.5732148	0	5	0	76.0	80.0	76.0	80.0	76.0	80.0	79.0	-1.0	78.0	80.0	78.4	
20:48:02	1744937282.5736473	1	0	0	78.0	79.0	78.0	79.0	79.0	78.0	-1.0	-1.0	75.0	79.0	78.6	
20:48:32	1744937312.387104	0	5	0	76.0	80.0	76.0	80.0	76.0	80.0	79.0	-1.0	78.0	80.0	78.4	
20:48:32	1744937312.3875394	1	0	0	78.0	79.0	78.0	79.0	79.0	78.0	-1.0	-1.0	75.0	79.0	78.6	
20:49:02	1744937342.3849936	0	5	0	76.0	80.0	76.0	80.0	76.0	80.0	79.0	-1.0	78.0	80.0	78.5	
20:49:02	1744937342.3854196	1	0	0	78.0	79.0	78.0	79.0	79.0	78.0	-1.0	-1.0	75.0	79.0	78.6	
20:49:34	1744937374.7567053	0	5	0	76.0	80.0	76.0	80.0	76.0	80.0	79.0	-1.0	78.0	80.0	78.6	
20:49:36	1744937376.0149336	1	5	0	78.0	79.0	78.0	79.0	79.0	78.0	-1.0	-1.0	75.0	79.0	78.6	
20:50:02	1744937402.6654942	0	5	0	76.0	80.0	77.0	80.0	76.0	80.0	79.0	-1.0	78.0	80.0	78.6	
20:50:02	1744937402.6906278	1	5	0	78.0	79.0	78.0	79.0	79.0	78.0	-1.0	-1.0	75.0	79.0	78.6	
20:50:32	1744937432.4769788	0	5	0	76.0	80.0	77.0	80.0	76.0	80.0	80.0	-1.0	78.0	80.0	78.6	
20:50:32	1744937432.502077	1	5	0	78.0	79.0	78.0	79.0	79.0	78.0	-1.0	-1.0	75.0	79.0	78.6	
20:51:03	1744937463.042198	0	5	0	76.0	79.0	77.0	80.0	76.0	80.0	80.0	-1.0	78.0	80.0	78.6	
20:51:03	1744937463.067191	1	5	0	78.0	79.0	78.0	79.0	79.0	78.0	-1.0	-1.0	75.0	79.0	78.6	
20:51:32	1744937492.367141	0	5	0	76.0	79.0	77.0	80.0	76.0	80.0	80.0	-1.0	78.0	80.0	78.5	
20:51:32	1744937492.3980832	1	5	0	78.0	79.0	78.0	79.0	79.0	78.0	-1.0	-1.0	75.0	79.0	78.6	
20:52:03	1744937523.6678677	0	2	1	76.0	79.0	77.0	80.0	76.0	80.0	80.0	-1.0	78.0	80.0	78.5	
20:52:03	1744937523.6930761	1	5	0	78.0	79.0	78.0	79.0	79.0	78.0	-1.0	-1.0	75.0	79.0	78.6	
20:52:32	1744937552.4429991	0	2	1	76.0	79.0	77.0	80.0	76.0	80.0	79.0	-1.0	78.0	80.0	78.5	
20:52:32	1744937552.4680533	1	5	0	78.0	79.0	78.0	79.0	79.0	78.0	-1.0	-1.0	75.0	80.0	78.6	
20:53:02	1744937582.6089127	0	2	1	76.0	79.0	77.0	80.0	76.0	81.0	79.0	-1.0	78.0	80.0	78.6	
20:53:02	1744937582.63983	1	5	0	78.0	79.0	78.0	79.0	79.0	78.0	-1.0	-1.0	75.0	80.0	78.6	
20:53:32	1744937612.4152014	0	2	1	76.0	79.0	77.0	80.0	76.0	81.0	79.0	-1.0	78.0	79.0	78.6	
20:53:32	1744937612.4403548	1	5	0	78.0	79.0	78.0	79.0	79.0	78.0	-1.0	-1.0	75.0	80.0	78.6	
20:54:02	1744937642.51583	0	2	1	76.0	79.0	77.0	80.0	76.0	81.0	79.0	-1.0	78.0	67.0	78.6	
20:54:02	1744937642.5409563	1	5	0	78.0	79.0	78.0	79.0	79.0	78.0	-1.0	-1.0	75.0	81.0	78.6	
20:54:32	1744937672.4562361	0	2	1	76.0	79.0	77.0	80.0	76.0	81.0	79.0	-1.0	78.0	59.0	78.6	
20:54:32	1744937672.4811766	1	5	0	78.0	79.0	78.0	79.0	79.0	78.0	-1.0	-1.0	75.0	81.0	78.6	
20:55:02	1744937702.2833877	0	2	1	76.0	79.0	77.0	80.0	76.0	81.0	79.0	-1.0	78.0	55.0	78.6	
20:55:02	1744937702.3084416	1	5	0	78.0	79.0	78.0	79.0	79.0	78.0	-1.0	-1.0	75.0	81.0	78.6	
20:55:32	1744937732.3610146	0	2	1	76.0	79.0	77.0	80.0	76.0	81.0	79.0	-1.0	78.0	54.0	78.6	
20:55:32	1744937732.385947	1	5	0	78.0	79.0	78.0	79.0	79.0	78.0	-1.0	-1.0	75.0	81.0	78.6	
20:56:03	1744937763.3739884	0	2	1	76.0	79.0	77.0	80.0	76.0	81.0	79.0	-1.0	78.0	52.0	78.5	
20:56:03	1744937763.3989062	1	5	0	78.0	79.0	78.0	79.0	79.0	78.0	-1.0	-1.0	75.0	81.0	78.6	
20:56:33	1744937793.7740576	0	2	1	76.0	79.0	77.0	80.0	76.0	81.0	79.0	-1.0	78.0	51.0	78.4	
20:56:33	1744937793.7991648	1	5	0	78.0	79.0	78.0	79.0	79.0	78.0	-1.0	-1.0	75.0	81.0	78.6	
20:57:02	1744937822.309547	0	2	1	76.0	79.0	76.0	80.0	76.0	80.0	79.0	-1.0	78.0	50.0	78.3	
20:57:02	1744937822.3345969	1	5	0	78.0	79.0	78.0	79.0	79.0	78.0	-1.0	-1.0	75.0	81.0	78.6	
20:57:35	1744937855.5430415	0	2	1	76.0	79.0	76.0	80.0	76.0	80.0	79.0	-1.0	78.0	50.0	78.3	
20:57:35	1744937855.5680819	1	5	0	78.0	79.0	78.0	79.0	79.0	78.0	-1.0	-1.0	75.0	81.0	78.6	
20:58:02	1744937882.36528	0	2	1	76.0	79.0	76.0	80.0	76.0	80.0	79.0	-1.0	78.0	50.0	78.3	
20:58:02	1744937882.3903708	1	5	0	78.0	79.0	78.0	79.0	79.0	78.0	-1.0	-1.0	75.0	81.0	78.6	
20:58:32	1744937912.4689949	0	2	1	76.0	79.0	76.0	80.0	76.0	80.0	79.0	-1.0	78.0	49.0	78.3	
20:58:32	1744937912.493938	1	5	0	78.0	79.0	78.0	79.0	79.0	78.0	-1.0	-1.0	75.0	81.0	78.6	
20:59:02	1744937942.3080335	0	2	1	76.0	79.0	76.0	80.0	76.0	80.0	79.0	-1.0	78.0	49.0	78.3	
20:59:02	1744937942.3329618	1	5	0	78.0	79.0	78.0	79.0	79.0	78.0	-1.0	-1.0	75.0	81.0	78.6	
20:59:32	1744937972.3390102	0	2	1	76.0	79.0	76.0	80.0	76.0	80.0	79.0	-1.0	78.0	49.0	78.3	
20:59:32	1744937972.3700008	1	5	0	78.0	79.0	78.0	79.0	79.0	78.0	-1.0	-1.0	75.0	81.0	78.6	
21:00:02	1744938002.3688912	0	2	1	76.0	79.0	76.0	80.0	76.0	80.0	79.0	-1.0	78.0	49.0	78.3	
21:00:02	1744938002.3939662	1	5	0	78.0	79.0	78.0	79.0	79.0	78.0	-1.0	-1.0	75.0	81.0	78.6	
21:00:32	1744938032.423926	0	2	1	76.0	79.0	76.0	80.0	76.0	80.0	79.0	-1.0	78.0	48.0	78.3	
21:00:32	1744938032.4489787	1	5	0	78.0	79.0	78.0	79.0	79.0	78.0	-1.0	-1.0	75.0	82.0	78.6	
21:01:03	1744938063.643332	0	2	1	76.0	79.0	76.0	80.0	76.0	80.0	79.0	-1.0	78.0	48.0	78.3	
21:01:03	1744938063.6684587	1	5	0	78.0	79.0	78.0	79.0	79.0	78.0	-1.0	-1.0	75.0	82.0	78.6	
21:01:32	1744938092.5465956	0	2	1	76.0	79.0	76.0	80.0	76.0	80.0	79.0	-1.0	77.7	48.0	78.2	
21:01:32	1744938092.571695	1	5	0	78.0	79.0	78.0	79.0	79.0	78.0	-1.0	-1.0	75.0	82.0	78.5	
21:02:03	1744938123.412217	0	2	1	76.0	79.0	76.0	80.0	76.0	80.0	79.0	-1.0	77.3	48.0	78.1	
21:02:03	1744938123.4373374	1	5	0	78.0	79.0	78.0	79.0	79.0	78.0	-1.0	-1.0	75.0	82.0	78.5	
21:02:32	1744938152.6742458	0	2	1	76.0	79.0	76.0	79.0	76.0	80.0	79.0	-1.0	77.3	48.0	78.0	
21:02:32	1744938152.6992886	1	5	0	78.0	79.0	78.0	79.0	79.0	77.0	-1.0	-1.0	75.0	82.0	78.5	
21:03:02	1744938182.4395502	0	2	1	76.0	79.0	76.0	79.0	76.0	80.0	79.0	-1.0	77.7	48.0	78.0	
21:03:02	1744938182.4645586	1	5	0	78.0	79.0	78.0	79.0	79.0	77.0	-1.0	-1.0	75.0	82.0	78.5	
21:03:32	1744938212.6021338	0	2	1	76.0	79.0	76.0	79.0	76.0	80.0	79.0	-1.0	78.0	48.0	78.1	
21:03:32	1744938212.6271362	1	5	0	78.0	79.0	78.0	79.0	79.0	78.0	-1.0	-1.0	75.0	82.0	78.6	
21:04:02	1744938242.4671104	0	2	1	76.0	79.0	76.0	79.0	76.0	80.0	79.0	-1.0	78.0	48.0	78.1	
21:04:02	1744938242.4921393	1	5	0	78.0	79.0	78.0	79.0	79.0	78.0	-1.0	-1.0	75.0	82.0	78.6	
21:04:32	1744938272.4240882	0	2	1	76.0	79.0	76.0	79.0	76.0	80.0	79.0	-1.0	78.0	47.0	78.1	
21:04:32	1744938272.449235	1	5	0	78.0	79.0	78.0	79.0	79.0	78.0	-1.0	-1.0	75.0	82.0	78.6	
21:05:02	1744938302.476354	0	2	1	76.0	79.0	76.0	79.0	76.0	80.0	79.0	-1.0	78.0	47.0	78.1	
21:05:02	1744938302.507363	1	5	0	78.0	79.0	78.0	79.0	79.0	78.0	-1.0	-1.0	75.0	82.0	78.6	
21:05:34	1744938334.7603989	0	2	1	76.0	79.0	76.0	79.0	76.0	80.0	79.0	-1.0	77.7	47.0	78.1	
21:05:34	1744938334.7913907	1	5	0	78.0	79.0	78.0	79.0	79.0	78.0	-1.0	-1.0	75.0	82.0	78.5	
21:06:02	1744938362.3253286	0	2	1	76.0	79.0	76.0	79.0	76.0	80.0	79.0	-1.0	77.3	47.0	78.1	
21:06:02	1744938362.3563266	1	5	0	78.0	79.0	78.0	79.0	79.0	78.0	-1.0	-1.0	74.0	82.0	78.5	
21:06:32	1744938392.3659348	0	2	1	76.0	79.0	76.0	79.0	76.0	80.0	79.0	-1.0	77.0	47.0	78.0	
21:06:32	1744938392.3908615	1	5	0	78.0	79.0	78.0	79.0	79.0	77.0	-1.0	-1.0	74.0	82.0	78.5	
21:07:02	1744938422.3851256	0	2	1	76.0	79.0	76.0	79.0	76.0	80.0	79.0	-1.0	77.0	47.0	78.0	
21:07:02	1744938422.4101822	1	5	0	78.0	80.0	78.0	79.0	79.0	77.0	-1.0	-1.0	74.0	82.0	78.6	
21:07:32	1744938452.49829	0	2	1	76.0	79.0	76.0	79.0	76.0	80.0	79.0	-1.0	77.0	47.0	78.0	
21:07:32	1744938452.523433	1	5	0	78.0	80.0	78.0	79.0	79.0	77.0	-1.0	-1.0	74.0	82.0	78.6	
21:08:02	1744938482.416311	0	2	1	76.0	79.0	76.0	79.0	76.0	80.0	79.0	-1.0	77.0	47.0	78.0	
21:08:02	1744938482.441247	1	5	0	78.0	80.0	78.0	79.0	79.0	77.0	-1.0	-1.0	74.0	82.0	78.5	
21:08:32	1744938512.4308558	0	2	1	76.0	79.0	76.0	79.0	76.0	80.0	79.0	-1.0	77.0	47.0	77.9	
21:08:32	1744938512.4558015	1	5	0	78.0	80.0	78.0	79.0	79.0	77.0	-1.0	-1.0	74.0	82.0	78.5	
21:09:02	1744938542.6427028	0	2	1	76.0	79.0	76.0	79.0	76.0	80.0	79.0	-1.0	77.0	47.0	77.8	
21:09:02	1744938542.6677258	1	5	0	78.0	79.0	78.0	79.0	79.0	77.0	-1.0	-1.0	74.0	82.0	78.4	
21:09:32	1744938572.5155072	0	2	1	76.0	79.0	75.0	79.0	76.0	80.0	78.0	-1.0	77.0	47.0	77.7	
21:09:32	1744938572.5405974	1	5	0	78.0	79.0	78.0	79.0	79.0	77.0	-1.0	-1.0	74.0	82.0	78.4	
21:10:04	1744938604.0239494	0	2	1	76.0	79.0	75.0	79.0	76.0	80.0	78.0	-1.0	77.0	47.0	77.7	
21:10:04	1744938604.0490398	1	5	0	78.0	79.0	78.0	79.0	79.0	77.0	-1.0	-1.0	74.0	82.0	78.4	
21:10:32	1744938632.6406658	0	2	1	76.0	79.0	75.0	79.0	76.0	80.0	78.0	-1.0	77.0	47.0	77.7	
21:10:32	1744938632.665717	1	5	0	78.0	79.0	78.0	79.0	79.0	77.0	-1.0	-1.0	74.0	82.0	78.4	
21:11:02	1744938662.4837599	0	2	1	76.0	79.0	75.0	79.0	76.0	80.0	78.0	-1.0	77.0	47.0	77.7	
21:11:02	1744938662.5087838	1	5	0	78.0	79.0	78.0	79.0	79.0	77.0	-1.0	-1.0	74.0	82.0	78.4	
21:11:32	1744938692.239751	0	2	1	76.0	79.0	75.0	79.0	76.0	80.0	78.0	-1.0	77.0	46.0	77.7	
21:11:33	1744938693.3846884	1	0	0	78.0	79.0	78.0	79.0	79.0	77.0	-1.0	-1.0	74.0	82.0	78.4	
21:12:02	1744938722.3903043	0	2	1	76.0	79.0	75.0	79.0	76.0	80.0	78.0	-1.0	77.0	46.0	77.7	
21:12:02	1744938722.390754	1	0	0	78.0	79.0	78.0	79.0	79.0	77.0	-1.0	-1.0	74.0	82.0	78.4	
21:12:32	1744938752.4566276	0	2	1	76.0	79.0	75.0	79.0	76.0	80.0	78.0	-1.0	77.3	46.0	77.7	
21:12:32	1744938752.4570801	1	0	0	78.0	79.0	78.0	79.0	79.0	77.0	-1.0	-1.0	74.0	82.0	78.5	
21:13:02	1744938782.3680897	0	2	1	76.0	79.0	75.0	79.0	76.0	80.0	78.0	-1.0	77.7	46.0	77.8	
21:13:02	1744938782.3685591	1	0	0	78.0	79.0	78.0	79.0	79.0	77.0	-1.0	-1.0	74.0	82.0	78.5	
21:13:32	1744938812.361065	0	2	1	76.0	79.0	75.0	79.0	76.0	80.0	78.0	-1.0	78.0	46.0	77.8	
21:13:32	1744938812.3614893	1	0	0	78.0	79.0	78.0	79.0	79.0	78.0	-1.0	-1.0	74.0	82.0	78.6	
21:14:02	1744938842.4038925	0	2	1	76.0	79.0	75.0	79.0	76.0	80.0	78.0	-1.0	78.0	46.0	77.8	
21:14:02	1744938842.4043455	1	0	0	78.0	79.0	78.0	79.0	79.0	78.0	-1.0	-1.0	74.0	82.0	78.6	
21:14:32	1744938872.6407561	0	2	1	76.0	79.0	75.0	79.0	76.0	79.0	78.0	-1.0	77.7	46.0	77.7	
21:14:32	1744938872.6412053	1	0	0	78.0	79.0	78.0	79.0	79.0	78.0	-1.0	-1.0	74.0	82.0	78.5	
21:15:02	1744938902.321902	0	2	1	76.0	79.0	75.0	79.0	76.0	79.0	78.0	-1.0	77.3	46.0	77.6	
21:15:02	1744938902.322336	1	0	0	78.0	79.0	78.0	79.0	79.0	78.0	-1.0	-1.0	74.0	82.0	78.5	
21:15:32	1744938932.3435202	0	2	1	76.0	79.0	75.0	79.0	76.0	79.0	78.0	-1.0	77.0	46.0	77.5	
21:15:32	1744938932.343981	1	0	0	78.0	79.0	78.0	79.0	79.0	77.0	-1.0	-1.0	74.0	82.0	78.4	
21:16:02	1744938962.5399435	0	2	1	76.0	79.0	75.0	79.0	75.0	79.0	78.0	-1.0	77.0	46.0	77.4	
21:16:02	1744938962.5403972	1	0	0	78.0	79.0	78.0	79.0	79.0	77.0	-1.0	-1.0	74.0	82.0	78.5	
21:16:32	1744938992.4029434	0	2	1	76.0	79.0	75.0	79.0	75.0	79.0	78.0	-1.0	77.0	46.0	77.3	
21:16:32	1744938992.4033678	1	0	0	78.0	79.0	78.0	79.0	79.0	77.0	-1.0	-1.0	74.0	82.0	78.5	
21:17:02	1744939022.5864694	0	2	1	76.0	78.0	75.0	79.0	75.0	79.0	78.0	-1.0	77.0	46.0	77.3	
21:17:02	1744939022.5869203	1	0	0	78.0	79.0	78.0	80.0	79.0	77.0	-1.0	-1.0	74.0	82.0	78.6	
21:17:32	1744939052.390515	0	2	1	76.0	78.0	75.0	79.0	75.0	79.0	78.0	-1.0	77.0	46.0	77.3	
21:17:32	1744939052.3909698	1	0	0	78.0	79.0	78.0	80.0	79.0	77.0	-1.0	-1.0	74.0	82.0	78.6	
21:18:02	1744939082.3402846	0	2	1	76.0	78.0	75.0	79.0	75.0	79.0	78.0	-1.0	77.0	46.0	77.3	
21:18:02	1744939082.3407493	1	0	0	78.0	79.0	78.0	80.0	79.0	77.0	-1.0	-1.0	74.0	82.0	78.5	
21:18:32	1744939112.405661	0	2	1	76.0	78.0	75.0	79.0	75.0	79.0	78.0	-1.0	77.0	46.0	77.2	
21:18:32	1744939112.4061117	1	0	0	78.0	79.0	78.0	80.0	79.0	77.0	-1.0	-1.0	74.0	82.0	78.5	
21:19:02	1744939142.506497	0	2	1	76.0	78.0	75.0	79.0	75.0	79.0	78.0	-1.0	77.0	46.0	77.2	
21:19:02	1744939142.5069473	1	0	0	78.0	79.0	78.0	79.0	79.0	77.0	-1.0	-1.0	74.0	82.0	78.4	
21:19:33	1744939173.583159	0	5	0	76.0	78.0	74.0	79.0	75.0	79.0	78.0	-1.0	77.0	46.0	77.1	
21:19:33	1744939173.5901344	1	0	0	78.0	79.0	78.0	79.0	79.0	77.0	-1.0	-1.0	74.0	82.0	78.4	
21:20:02	1744939202.3538134	0	5	0	76.0	78.0	74.0	79.0	75.0	79.0	78.0	-1.0	77.0	46.0	77.0	
21:20:02	1744939202.3608043	1	0	0	78.0	79.0	78.0	79.0	79.0	77.0	-1.0	-1.0	74.0	82.0	78.5	
21:20:32	1744939232.4994612	0	5	0	76.0	78.0	74.0	79.0	75.0	79.0	77.0	-1.0	77.0	46.0	77.0	
21:20:32	1744939232.5064654	1	0	0	78.0	79.0	78.0	79.0	79.0	77.0	-1.0	-1.0	73.0	82.0	78.5	
21:21:02	1744939262.3711221	0	5	0	76.0	78.0	74.0	79.0	75.0	79.0	77.0	-1.0	77.0	51.0	77.0	
21:21:02	1744939262.3715565	1	0	0	78.0	79.0	78.0	80.0	79.0	77.0	-1.0	-1.0	73.0	82.0	78.5	
21:21:33	1744939293.5319777	0	5	0	76.0	78.0	74.0	79.0	75.0	79.0	77.0	-1.0	77.0	58.0	77.0	
21:21:33	1744939293.5324295	1	0	0	78.0	79.0	78.0	80.0	79.0	77.0	-1.0	-1.0	73.0	82.0	78.5	
21:22:02	1744939322.582629	0	5	0	76.0	78.0	74.0	79.0	75.0	79.0	77.0	-1.0	77.0	63.0	77.0	
21:22:02	1744939322.5830684	1	0	0	78.0	79.0	78.0	79.0	79.0	77.0	-1.0	-1.0	73.0	82.0	78.4	
21:22:32	1744939352.3826163	0	5	0	76.0	78.0	74.0	79.0	75.0	79.0	77.0	-1.0	77.0	62.0	77.0	
21:22:32	1744939352.3830166	1	0	0	78.0	79.0	78.0	79.0	79.0	77.0	-1.0	-1.0	73.0	82.0	78.4	
21:23:02	1744939382.4403236	0	5	0	76.0	78.0	74.0	79.0	75.0	79.0	77.0	-1.0	77.0	62.0	77.0	
21:23:02	1744939382.4407415	1	0	0	78.0	79.0	78.0	79.0	79.0	77.0	-1.0	-1.0	73.0	82.0	78.4	
21:23:32	1744939412.4808688	0	5	0	76.0	78.0	74.0	79.0	75.0	79.0	77.0	-1.0	77.0	62.0	77.0	
21:23:32	1744939412.4880207	1	0	0	78.0	79.0	78.0	79.0	79.0	77.0	-1.0	-1.0	73.0	82.0	78.4	
21:24:02	1744939442.497654	0	5	0	76.0	78.0	74.0	79.0	75.0	79.0	77.0	-1.0	77.0	62.0	77.0	
21:24:02	1744939442.504654	1	0	0	78.0	79.0	78.0	79.0	79.0	77.0	-1.0	-1.0	73.0	82.0	78.5	
21:24:32	1744939472.4760072	0	5	0	76.0	78.0	74.0	79.0	75.0	79.0	77.0	-1.0	77.0	62.0	77.0	
21:24:32	1744939472.4824104	1	0	0	79.0	79.0	78.0	79.0	79.0	77.0	-1.0	-1.0	73.0	82.0	78.5	
21:25:02	1744939502.4220161	0	5	0	76.0	78.0	74.0	79.0	75.0	79.0	77.0	-1.0	77.0	63.0	77.0	
21:25:02	1744939502.4224696	1	0	0	79.0	79.0	78.0	80.0	79.0	77.0	-1.0	-1.0	73.0	82.0	78.6	
21:25:32	1744939532.4973664	0	5	0	76.0	78.0	74.0	79.0	75.0	79.0	77.0	-1.0	77.0	63.0	77.0	
21:25:32	1744939532.49779	1	0	0	79.0	79.0	78.0	80.0	79.0	77.0	-1.0	-1.0	73.0	82.0	78.6	
21:26:02	1744939562.5399733	0	5	0	76.0	78.0	74.0	79.0	75.0	79.0	77.0	-1.0	77.0	64.0	77.0	
21:26:02	1744939562.540385	1	0	0	79.0	79.0	78.0	80.0	79.0	77.0	-1.0	-1.0	73.0	82.0	78.6	
21:26:32	1744939592.6490977	0	5	0	76.0	78.0	74.0	79.0	75.0	79.0	77.0	-1.0	77.0	64.0	77.0	
21:26:32	1744939592.6495197	1	0	0	79.0	79.0	78.0	80.0	79.0	77.0	-1.0	-1.0	73.0	82.0	78.6	
21:27:02	1744939622.586101	0	5	0	76.0	78.0	74.0	79.0	75.0	79.0	77.0	-1.0	77.0	64.0	77.0	
21:27:02	1744939622.5865333	1	0	0	79.0	79.0	78.0	80.0	79.0	77.0	-1.0	-1.0	73.0	82.0	78.6	
21:27:32	1744939652.3060653	0	5	0	76.0	78.0	74.0	79.0	75.0	79.0	77.0	-1.0	77.0	64.0	77.0	
21:27:32	1744939652.3065016	1	0	0	79.0	79.0	78.0	80.0	79.0	77.0	-1.0	-1.0	73.0	82.0	78.6	
21:28:02	1744939682.6726243	0	5	0	76.0	78.0	74.0	79.0	75.0	79.0	77.0	-1.0	77.0	64.0	77.0	
21:28:02	1744939682.6730523	1	0	0	79.0	79.0	78.0	80.0	79.0	77.0	-1.0	-1.0	73.0	82.0	78.6	
21:28:32	1744939712.370305	0	5	0	76.0	78.0	74.0	79.0	75.0	79.0	77.0	-1.0	77.0	64.0	77.0	
21:28:32	1744939712.370709	1	0	0	79.0	79.0	78.0	80.0	79.0	77.0	-1.0	-1.0	73.0	82.0	78.6	
21:29:02	1744939742.2782645	0	5	0	76.0	78.0	74.0	79.0	75.0	79.0	77.0	-1.0	77.0	64.0	77.0	
21:29:02	1744939742.2787318	1	0	0	79.0	79.0	78.0	80.0	79.0	77.0	-1.0	-1.0	73.0	82.0	78.6	
21:29:32	1744939772.4300628	0	5	0	76.0	78.0	74.0	79.0	75.0	79.0	77.0	-1.0	77.0	64.0	77.0	
21:29:32	1744939772.4304907	1	0	0	79.0	79.0	78.0	80.0	79.0	77.0	-1.0	-1.0	73.0	82.0	78.6	
21:30:02	1744939802.652429	0	5	0	76.0	78.0	74.0	79.0	75.0	79.0	77.0	-1.0	77.0	65.0	76.9	
21:30:02	1744939802.652847	1	0	0	79.0	79.0	78.0	80.0	79.0	77.0	-1.0	-1.0	73.0	82.0	78.6	
21:30:32	1744939832.5009828	0	5	0	76.0	77.0	74.0	79.0	75.0	79.0	77.0	-1.0	77.0	65.0	76.9	
21:30:32	1744939832.5014114	1	0	0	79.0	79.0	78.0	80.0	79.0	77.0	-1.0	-1.0	73.0	82.0	78.6	
21:31:02	1744939862.345908	0	5	0	76.0	77.0	74.0	79.0	75.0	79.0	77.0	-1.0	77.0	65.0	76.9	
21:31:02	1744939862.346332	1	0	0	79.0	79.0	78.0	80.0	79.0	77.0	-1.0	-1.0	73.0	82.0	78.6	
21:31:32	1744939892.4563992	0	5	0	76.0	77.0	74.0	79.0	75.0	79.0	77.0	-1.0	77.0	66.0	76.9	
21:31:32	1744939892.4568574	1	0	0	79.0	79.0	78.0	80.0	79.0	77.0	-1.0	-1.0	73.0	82.0	78.6	
21:32:02	1744939922.3312745	0	5	0	76.0	77.0	74.0	79.0	75.0	79.0	77.0	-1.0	77.0	66.0	76.9	
21:32:02	1744939922.331734	1	0	0	79.0	79.0	78.0	80.0	79.0	77.0	-1.0	-1.0	73.0	82.0	78.6	
21:32:32	1744939952.4430456	0	5	0	76.0	77.0	74.0	79.0	75.0	79.0	77.0	-1.0	77.0	66.0	76.9	
21:32:32	1744939952.4434931	1	0	0	79.0	79.0	78.0	80.0	79.0	77.0	-1.0	-1.0	73.0	82.0	78.6	
21:33:02	1744939982.4253747	0	5	0	76.0	77.0	74.0	79.0	75.0	79.0	77.0	-1.0	77.0	67.0	76.9	
21:33:02	1744939982.425808	1	0	0	79.0	79.0	78.0	80.0	79.0	77.0	-1.0	-1.0	73.0	82.0	78.6	
21:33:32	1744940012.4712367	0	5	0	76.0	77.0	74.0	79.0	75.0	79.0	77.0	-1.0	77.0	67.0	76.9	
21:33:32	1744940012.4716897	1	0	0	79.0	79.0	78.0	80.0	79.0	77.0	-1.0	-1.0	73.0	82.0	78.6	
21:34:03	1744940043.4669068	0	5	0	76.0	77.0	74.0	79.0	75.0	79.0	77.0	-1.0	77.0	67.0	76.9	
21:34:03	1744940043.4673722	1	0	0	79.0	79.0	78.0	80.0	79.0	77.0	-1.0	-1.0	73.0	82.0	78.6	
21:34:32	1744940072.4815414	0	5	0	76.0	77.0	74.0	79.0	75.0	79.0	77.0	-1.0	77.0	68.0	76.9	
21:34:32	1744940072.4819796	1	0	0	79.0	79.0	78.0	80.0	79.0	77.0	-1.0	-1.0	73.0	82.0	78.6	
21:35:02	1744940102.5676866	0	5	0	76.0	77.0	74.0	79.0	75.0	79.0	77.0	-1.0	77.0	69.0	76.9	
21:35:02	1744940102.5681376	1	0	0	79.0	79.0	78.0	80.0	79.0	77.0	-1.0	-1.0	73.0	82.0	78.6	
21:35:32	1744940132.5069776	0	5	0	76.0	77.0	74.0	79.0	75.0	79.0	77.0	-1.0	77.0	69.0	76.9	
21:35:32	1744940132.5073922	1	0	0	79.0	79.0	78.0	80.0	79.0	77.0	-1.0	-1.0	73.0	82.0	78.7	
21:36:02	1744940162.4632967	0	5	0	76.0	77.0	74.0	79.0	75.0	79.0	77.0	-1.0	77.0	70.0	76.9	
21:36:02	1744940162.4637632	1	0	0	79.0	79.0	78.0	80.0	79.0	77.0	-1.0	-1.0	73.0	82.0	78.7	
21:36:32	1744940192.3481443	0	5	0	76.0	77.0	74.0	79.0	75.0	79.0	77.0	-1.0	77.0	70.0	76.9	
21:36:32	1744940192.3485487	1	0	0	79.0	79.0	78.0	80.0	80.0	77.0	-1.0	-1.0	73.0	82.0	78.8	
21:37:02	1744940222.4579067	0	5	0	76.0	77.0	74.0	79.0	75.0	79.0	77.0	-1.0	77.0	71.0	76.9	
21:37:02	1744940222.4583704	1	0	0	79.0	79.0	78.0	80.0	80.0	77.0	-1.0	-1.0	73.0	82.0	78.8	
21:37:32	1744940252.449976	0	5	0	76.0	77.0	74.0	79.0	75.0	79.0	77.0	-1.0	77.0	71.0	76.9	
21:37:32	1744940252.4504206	1	0	0	79.0	79.0	78.0	80.0	80.0	77.0	-1.0	-1.0	73.0	82.0	78.7	
21:38:02	1744940282.399593	0	5	0	76.0	77.0	74.0	79.0	75.0	79.0	77.0	-1.0	77.0	72.0	76.9	
21:38:02	1744940282.4000263	1	0	0	79.0	79.0	78.0	80.0	80.0	77.0	-1.0	-1.0	73.0	82.0	78.7	
21:38:32	1744940312.3849542	0	5	0	76.0	77.0	74.0	79.0	75.0	79.0	77.0	-1.0	77.0	73.0	76.9	
21:38:32	1744940312.3853803	1	0	0	79.0	79.0	78.0	80.0	79.0	77.0	-1.0	-1.0	73.0	82.0	78.6	
21:39:02	1744940342.2860332	0	5	0	76.0	77.0	74.0	79.0	75.0	79.0	77.0	-1.0	77.0	73.0	76.9	
21:39:02	1744940342.2864714	1	0	0	79.0	79.0	78.0	80.0	79.0	77.0	-1.0	-1.0	73.0	82.0	78.6	
21:39:32	1744940372.457049	0	5	0	76.0	77.0	74.0	79.0	75.0	79.0	77.0	-1.0	77.0	73.0	76.9	
21:39:32	1744940372.4574902	1	0	0	79.0	79.0	78.0	80.0	79.0	77.0	-1.0	-1.0	73.0	82.0	78.6	
21:40:02	1744940402.38892	0	5	0	76.0	77.0	74.0	79.0	75.0	79.0	77.0	-1.0	77.0	73.0	76.9	
21:40:02	1744940402.3893588	1	0	0	79.0	79.0	78.0	80.0	79.0	77.0	-1.0	-1.0	73.0	82.0	78.6	
21:40:32	1744940432.3472605	0	5	0	76.0	77.0	74.0	79.0	75.0	79.0	77.0	-1.0	77.0	74.0	76.9	
21:40:32	1744940432.3477006	1	0	0	79.0	79.0	78.0	80.0	79.0	77.0	-1.0	-1.0	73.0	82.0	78.6	
21:41:02	1744940462.3488083	0	5	0	76.0	77.0	74.0	79.0	75.0	79.0	77.0	-1.0	77.0	74.0	76.9	
21:41:02	1744940462.3492656	1	0	0	79.0	79.0	78.0	80.0	79.0	77.0	-1.0	-1.0	73.0	82.0	78.6	
21:41:32	1744940492.4175122	0	5	0	76.0	77.0	74.0	79.0	75.0	79.0	77.0	-1.0	77.0	74.0	76.9	
21:41:32	1744940492.4179294	1	0	0	79.0	79.0	78.0	80.0	79.0	77.0	-1.0	-1.0	73.0	82.0	78.6	
21:42:03	1744940523.51962	0	5	0	76.0	77.0	74.0	79.0	75.0	79.0	77.0	-1.0	77.0	75.0	76.9	
21:42:03	1744940523.5200503	1	0	0	79.0	79.0	78.0	80.0	79.0	77.0	-1.0	-1.0	73.0	82.0	78.6	
21:42:32	1744940552.4689147	0	5	0	76.0	77.0	74.0	79.0	75.0	79.0	77.0	-1.0	77.0	75.0	76.9	
21:42:32	1744940552.4693463	1	0	0	79.0	79.0	78.0	80.0	79.0	77.0	-1.0	-1.0	73.0	82.0	78.6	
21:43:02	1744940582.5601318	0	5	0	76.0	77.0	74.0	79.0	75.0	79.0	77.0	-1.0	77.0	75.0	76.9	
21:43:02	1744940582.5605638	1	0	0	79.0	79.0	78.0	80.0	79.0	77.0	-1.0	-1.0	73.0	82.0	78.6	
21:43:32	1744940612.3971832	0	5	0	76.0	77.0	74.0	79.0	75.0	79.0	77.0	-1.0	77.0	76.0	76.9	
21:43:32	1744940612.3975928	1	0	0	79.0	79.0	78.0	80.0	79.0	77.0	-1.0	-1.0	73.0	82.0	78.6	
21:44:02	1744940642.5983865	0	5	0	76.0	77.0	74.0	79.0	75.0	79.0	77.0	-1.0	77.0	76.0	76.9	
21:44:02	1744940642.5988138	1	0	0	79.0	79.0	78.0	80.0	79.0	77.0	-1.0	-1.0	73.0	82.0	78.6	
21:44:32	1744940672.3704588	0	5	0	76.0	77.0	74.0	79.0	75.0	79.0	77.0	-1.0	77.0	76.0	77.0	
21:44:32	1744940672.3708665	1	0	0	79.0	79.0	78.0	80.0	79.0	77.0	-1.0	-1.0	73.0	82.0	78.6	
21:45:02	1744940702.2569695	0	5	0	76.0	77.0	75.0	79.0	75.0	79.0	77.0	-1.0	77.0	76.0	77.0	
21:45:02	1744940702.257485	1	0	0	79.0	79.0	78.0	80.0	79.0	77.0	-1.0	-1.0	73.0	82.0	78.6	
21:45:33	1744940733.6139185	0	0	0	76.0	77.0	75.0	79.0	75.0	79.0	77.0	-1.0	77.0	76.0	76.9	
21:45:33	1744940733.6144557	1	0	0	79.0	79.0	78.0	80.0	79.0	77.0	-1.0	-1.0	73.0	82.0	78.6	
21:46:02	1744940762.4875453	0	0	0	76.0	77.0	74.0	79.0	75.0	79.0	77.0	-1.0	77.0	76.0	76.9	
21:46:02	1744940762.4879904	1	0	0	79.0	79.0	78.0	80.0	79.0	77.0	-1.0	-1.0	73.0	82.0	78.6	
21:46:32	1744940792.5584295	0	0	0	76.0	77.0	74.0	79.0	75.0	79.0	77.0	-1.0	77.0	77.0	76.9	
21:46:32	1744940792.5588434	1	0	0	79.0	79.0	78.0	80.0	79.0	77.0	-1.0	-1.0	73.0	82.0	78.6	
21:47:02	1744940822.5844646	0	0	0	76.0	77.0	74.0	79.0	75.0	79.0	77.0	-1.0	77.0	76.0	76.9	
21:47:02	1744940822.5886683	1	0	0	79.0	79.0	78.0	80.0	79.0	77.0	-1.0	-1.0	73.0	82.0	78.6	
21:47:32	1744940852.515257	0	0	0	76.0	77.0	74.0	79.0	75.0	79.0	77.0	-1.0	77.0	76.0	76.9	
21:47:32	1744940852.522262	1	0	0	79.0	79.0	78.0	80.0	79.0	77.0	-1.0	-1.0	73.0	82.0	78.6	
21:48:02	1744940882.4571803	0	0	0	76.0	77.0	74.0	79.0	75.0	79.0	77.0	-1.0	77.0	76.0	76.9	
21:48:02	1744940882.464163	1	0	0	79.0	79.0	78.0	80.0	79.0	77.0	-1.0	-1.0	72.0	82.0	78.6	
21:48:32	1744940912.7793465	0	0	0	76.0	77.0	74.0	79.0	75.0	79.0	77.0	-1.0	77.0	76.0	77.0	
21:48:32	1744940912.7797604	1	0	0	79.0	79.0	78.0	80.0	79.0	77.0	-1.0	-1.0	72.0	82.0	78.6	
21:49:02	1744940942.310306	0	0	0	76.0	77.0	75.0	79.0	75.0	79.0	77.0	-1.0	77.0	76.0	77.0	
21:49:02	1744940942.3107188	1	0	0	79.0	79.0	78.0	80.0	79.0	77.0	-1.0	-1.0	72.0	82.0	78.6	
21:49:32	1744940972.4760005	0	0	0	76.0	77.0	75.0	79.0	75.0	79.0	77.0	-1.0	77.0	76.0	77.0	
21:49:32	1744940972.4764135	1	0	0	79.0	79.0	78.0	80.0	79.0	77.0	-1.0	-1.0	72.0	82.0	78.6	
21:50:02	1744941002.314322	0	0	0	76.0	77.0	75.0	79.0	75.0	79.0	77.0	-1.0	77.0	76.0	77.0	
21:50:02	1744941002.3147311	1	0	0	79.0	79.0	78.0	80.0	79.0	77.0	-1.0	-1.0	72.0	82.0	78.6	
21:50:32	1744941032.4377754	0	0	0	76.0	77.0	75.0	79.0	75.0	79.0	77.0	-1.0	77.0	76.0	77.0	
21:50:32	1744941032.438186	1	0	0	79.0	79.0	78.0	80.0	79.0	77.0	-1.0	-1.0	72.0	82.0	78.6	
21:51:02	1744941062.3920631	0	0	0	76.0	77.0	75.0	79.0	75.0	79.0	77.0	-1.0	77.0	76.0	77.0	
21:51:02	1744941062.3924727	1	0	0	79.0	79.0	78.0	80.0	79.0	77.0	-1.0	-1.0	72.0	82.0	78.6	
21:51:32	1744941092.3500273	0	0	0	76.0	77.0	75.0	79.0	75.0	79.0	77.0	-1.0	77.0	76.0	77.0	
21:51:33	1744941093.5556593	1	5	0	79.0	79.0	78.0	80.0	79.0	77.0	-1.0	-1.0	72.0	82.0	78.6	
21:52:02	1744941122.4102736	0	0	0	76.0	77.0	75.0	79.0	75.0	79.0	77.0	-1.0	77.0	76.0	77.0	
21:52:02	1744941122.4352825	1	5	0	79.0	79.0	78.0	80.0	79.0	77.0	-1.0	-1.0	72.0	82.0	78.6	
21:52:32	1744941152.3874624	0	0	0	76.0	77.0	75.0	79.0	75.0	79.0	77.0	-1.0	77.0	76.0	77.0	
21:52:32	1744941152.4126387	1	5	0	79.0	79.0	78.0	80.0	79.0	77.0	-1.0	-1.0	72.0	82.0	78.6	
21:53:02	1744941182.5918765	0	0	0	76.0	77.0	75.0	79.0	75.0	79.0	77.0	-1.0	77.0	76.0	77.0	
21:53:02	1744941182.6169167	1	5	0	79.0	79.0	78.0	80.0	79.0	77.0	-1.0	-1.0	72.0	82.0	78.6	
21:53:32	1744941212.494784	0	0	0	76.0	77.0	75.0	79.0	75.0	79.0	77.0	-1.0	77.0	76.0	77.0	
21:53:32	1744941212.5199723	1	5	0	79.0	79.0	78.0	80.0	79.0	77.0	-1.0	-1.0	72.0	82.0	78.6	
21:54:02	1744941242.428257	0	0	0	76.0	77.0	75.0	79.0	75.0	79.0	77.0	-1.0	77.0	76.0	77.0	
21:54:02	1744941242.4533515	1	5	0	79.0	79.0	78.0	80.0	79.0	77.0	-1.0	-1.0	72.0	82.0	78.6	
21:54:32	1744941272.4119492	0	0	0	76.0	77.0	75.0	79.0	75.0	79.0	77.0	-1.0	77.0	76.0	77.0	
21:54:32	1744941272.4370434	1	5	0	79.0	79.0	78.0	80.0	79.0	77.0	-1.0	-1.0	72.0	82.0	78.6	
21:55:02	1744941302.333437	0	0	0	76.0	77.0	75.0	79.0	75.0	79.0	77.0	-1.0	77.0	76.0	77.0	
21:55:02	1744941302.358605	1	5	0	79.0	79.0	78.0	80.0	79.0	77.0	-1.0	-1.0	72.0	82.0	78.6	
21:55:33	1744941333.42441	0	0	0	76.0	77.0	75.0	79.0	75.0	79.0	77.0	-1.0	77.0	76.0	77.0	
21:55:33	1744941333.4562926	1	5	0	79.0	79.0	78.0	80.0	79.0	77.0	-1.0	-1.0	72.0	82.0	78.6	
21:56:02	1744941362.41342	0	0	0	76.0	77.0	75.0	79.0	75.0	79.0	77.0	-1.0	77.0	76.0	77.0	
21:56:02	1744941362.4442616	1	5	0	79.0	79.0	78.0	80.0	79.0	77.0	-1.0	-1.0	72.0	82.0	78.6	
21:56:32	1744941392.5263073	0	0	0	76.0	77.0	75.0	79.0	75.0	79.0	77.0	-1.0	77.0	76.0	77.0	
21:56:32	1744941392.5561252	1	5	0	78.0	79.0	78.0	80.0	79.0	77.0	-1.0	-1.0	72.0	82.0	78.6	
21:57:02	1744941422.394614	0	0	0	76.0	77.0	75.0	79.0	75.0	79.0	77.0	-1.0	77.0	76.0	77.0	
21:57:02	1744941422.419838	1	5	0	78.0	79.0	78.0	80.0	79.0	77.0	-1.0	-1.0	72.0	82.0	78.6	
21:57:32	1744941452.4818075	0	0	0	76.0	77.0	75.0	79.0	75.0	79.0	77.0	-1.0	77.0	76.0	77.0	
21:57:32	1744941452.5069506	1	5	0	78.0	79.0	78.0	80.0	79.0	77.0	-1.0	-1.0	72.0	82.0	78.6	
21:58:02	1744941482.3301573	0	0	0	76.0	77.0	75.0	79.0	75.0	79.0	77.0	-1.0	77.0	76.0	77.0	
21:58:02	1744941482.3552656	1	5	0	78.0	79.0	78.0	80.0	79.0	77.0	-1.0	-1.0	72.0	82.0	78.6	
21:58:32	1744941512.5514934	0	0	0	76.0	77.0	75.0	79.0	75.0	79.0	77.0	-1.0	77.0	76.0	77.0	
21:58:32	1744941512.57666	1	5	0	78.0	79.0	78.0	80.0	79.0	77.0	-1.0	-1.0	72.0	82.0	78.6	
21:59:06	1744941546.9906535	0	0	0	76.0	77.0	75.0	79.0	75.0	79.0	77.0	-1.0	77.0	76.0	77.0	
21:59:07	1744941547.0157669	1	5	0	78.0	79.0	78.0	80.0	79.0	77.0	-1.0	-1.0	72.0	82.0	78.6	
21:59:32	1744941572.6723616	0	0	0	76.0	77.0	75.0	79.0	75.0	79.0	77.0	-1.0	77.0	76.0	77.0	
21:59:32	1744941572.6974552	1	5	0	78.0	79.0	78.0	80.0	79.0	77.0	-1.0	-1.0	72.0	82.0	78.6	
22:00:02	1744941602.3646686	0	0	0	76.0	77.0	75.0	79.0	75.0	79.0	77.0	-1.0	77.0	76.0	77.0	
22:00:02	1744941602.3898098	1	5	0	78.0	79.0	78.0	80.0	79.0	77.0	-1.0	-1.0	72.0	82.0	78.6	
22:00:32	1744941632.3635764	0	0	0	76.0	77.0	75.0	79.0	75.0	79.0	77.0	-1.0	77.0	76.0	77.0	
22:00:32	1744941632.3952618	1	5	0	78.0	79.0	78.0	80.0	79.0	77.0	-1.0	-1.0	72.0	82.0	78.6	
22:01:02	1744941662.5176296	0	0	0	76.0	77.0	75.0	79.0	75.0	79.0	77.0	-1.0	77.0	76.0	77.0	
22:01:02	1744941662.5492828	1	5	0	78.0	79.0	78.0	80.0	79.0	77.0	-1.0	-1.0	72.0	82.0	78.6	
22:01:32	1744941692.4673202	0	0	0	76.0	77.0	75.0	79.0	75.0	79.0	77.0	-1.0	77.0	76.0	77.0	
22:01:32	1744941692.4925158	1	5	0	78.0	79.0	78.0	80.0	79.0	77.0	-1.0	-1.0	72.0	81.0	78.6	
22:02:02	1744941722.4303088	0	0	0	76.0	77.0	75.0	79.0	75.0	79.0	77.0	-1.0	77.0	76.0	77.0	
22:02:02	1744941722.4554367	1	5	0	78.0	79.0	78.0	80.0	79.0	77.0	-1.0	-1.0	72.0	82.0	78.6	
22:02:32	1744941752.3137462	0	0	0	77.0	77.0	75.0	79.0	75.0	79.0	77.0	-1.0	77.0	76.0	77.0	
22:02:32	1744941752.3389046	1	5	0	78.0	79.0	78.0	80.0	79.0	77.0	-1.0	-1.0	72.0	82.0	78.6	
22:03:02	1744941782.3361719	0	0	0	76.0	77.0	75.0	79.0	75.0	79.0	77.0	-1.0	77.0	76.0	77.0	
22:03:02	1744941782.3672326	1	5	0	78.0	79.0	78.0	80.0	79.0	77.0	-1.0	-1.0	72.0	82.0	78.6	
22:03:32	1744941812.696032	0	0	0	76.0	77.0	75.0	79.0	75.0	79.0	77.0	-1.0	77.0	76.0	77.0	
22:03:32	1744941812.7270763	1	5	0	78.0	79.0	78.0	80.0	79.0	77.0	-1.0	-1.0	72.0	82.0	78.6	
22:04:02	1744941842.3276465	0	0	0	76.0	77.0	75.0	79.0	75.0	79.0	77.0	-1.0	77.0	76.0	77.0	
22:04:02	1744941842.3586466	1	5	0	78.0	79.0	78.0	80.0	79.0	77.0	-1.0	-1.0	71.0	82.0	78.6	
22:04:32	1744941872.4718242	0	0	0	77.0	77.0	75.0	79.0	75.0	79.0	77.0	-1.0	77.0	76.0	77.0	
22:04:32	1744941872.5048108	1	5	0	78.0	79.0	78.0	80.0	79.0	77.0	-1.0	-1.0	71.0	82.0	78.6	
22:05:02	1744941902.359815	0	0	0	77.0	77.0	75.0	79.0	75.0	79.0	77.0	-1.0	77.0	76.0	77.0	
22:05:02	1744941902.3915398	1	5	0	78.0	79.0	78.0	80.0	79.0	77.0	-1.0	-1.0	71.0	82.0	78.6	
22:05:32	1744941932.3400338	0	0	0	77.0	77.0	75.0	79.0	75.0	79.0	77.0	-1.0	77.0	76.0	77.0	
22:05:32	1744941932.3717449	1	5	0	78.0	79.0	78.0	80.0	79.0	77.0	-1.0	-1.0	71.0	81.0	78.6	
22:06:02	1744941962.2957962	0	0	0	77.0	77.0	75.0	79.0	75.0	79.0	77.0	-1.0	77.0	76.0	77.0	
22:06:02	1744941962.3209271	1	5	0	78.0	79.0	78.0	80.0	79.0	77.0	-1.0	-1.0	71.0	82.0	78.6	
22:06:32	1744941992.5130553	0	0	0	77.0	77.0	75.0	79.0	75.0	79.0	77.0	-1.0	77.0	76.0	77.0	
22:06:32	1744941992.5381691	1	5	0	78.0	79.0	78.0	80.0	79.0	77.0	-1.0	-1.0	71.0	81.0	78.6	
22:07:02	1744942022.5933435	0	0	0	77.0	77.0	75.0	79.0	75.0	79.0	77.0	-1.0	77.0	76.0	77.0	
22:07:02	1744942022.6185403	1	5	0	78.0	79.0	78.0	80.0	79.0	77.0	-1.0	-1.0	71.0	81.0	78.6	
22:07:32	1744942052.3482292	0	0	0	77.0	77.0	75.0	79.0	75.0	79.0	77.0	-1.0	77.0	76.0	77.0	
22:07:32	1744942052.3799572	1	5	0	78.0	79.0	78.0	80.0	79.0	77.0	-1.0	-1.0	71.0	81.0	78.6	
22:08:03	1744942083.4778495	0	0	0	77.0	77.0	75.0	79.0	75.0	79.0	77.0	-1.0	77.0	76.0	77.0	
22:08:03	1744942083.502961	1	5	0	78.0	79.0	78.0	80.0	79.0	77.0	-1.0	-1.0	71.0	81.0	78.6	
22:08:32	1744942112.534826	0	0	0	77.0	77.0	75.0	79.0	75.0	79.0	77.0	-1.0	77.0	76.0	77.0	
22:08:32	1744942112.565575	1	5	0	78.0	79.0	78.0	80.0	79.0	77.0	-1.0	-1.0	71.0	82.0	78.6	
22:09:02	1744942142.3327358	0	0	0	77.0	77.0	75.0	79.0	75.0	79.0	77.0	-1.0	77.0	76.0	77.0	
22:09:02	1744942142.3578537	1	5	0	78.0	79.0	78.0	80.0	79.0	77.0	-1.0	-1.0	71.0	82.0	78.6	
22:09:32	1744942172.4278333	0	0	0	77.0	77.0	75.0	79.0	75.0	79.0	77.0	-1.0	77.0	76.0	77.0	
22:09:32	1744942172.4595003	1	5	0	78.0	79.0	78.0	80.0	79.0	77.0	-1.0	-1.0	71.0	81.0	78.6	
22:10:02	1744942202.356234	0	0	0	77.0	77.0	75.0	79.0	75.0	79.0	77.0	-1.0	77.0	76.0	77.0	
22:10:02	1744942202.3812056	1	5	0	78.0	79.0	78.0	80.0	79.0	77.0	-1.0	-1.0	71.0	81.0	78.6	
22:10:32	1744942232.311471	0	0	0	77.0	77.0	75.0	79.0	75.0	79.0	77.0	-1.0	77.0	76.0	77.0	
22:10:33	1744942233.4885504	1	0	0	78.0	79.0	78.0	80.0	79.0	77.0	-1.0	-1.0	71.0	82.0	78.6	
22:11:02	1744942262.5648952	0	0	0	77.0	77.0	75.0	79.0	75.0	79.0	77.0	-1.0	77.0	76.0	77.0	
22:11:02	1744942262.5714912	1	0	0	78.0	79.0	78.0	80.0	79.0	77.0	-1.0	-1.0	71.0	82.0	78.6	
22:11:32	1744942292.499199	0	0	0	77.0	77.0	75.0	79.0	75.0	79.0	77.0	-1.0	77.0	76.0	77.0	
22:11:32	1744942292.499607	1	0	0	78.0	79.0	78.0	80.0	79.0	77.0	-1.0	-1.0	71.0	82.0	78.6	
22:12:02	1744942322.5196733	0	0	0	77.0	77.0	75.0	79.0	75.0	79.0	77.0	-1.0	77.0	76.0	77.0	
22:12:02	1744942322.5200968	1	0	0	78.0	79.0	78.0	80.0	79.0	77.0	-1.0	-1.0	71.0	81.0	78.6	
22:12:32	1744942352.43124	0	0	0	77.0	77.0	75.0	79.0	75.0	79.0	77.0	-1.0	77.0	76.0	77.0	
22:12:32	1744942352.4316494	1	0	0	78.0	79.0	78.0	80.0	79.0	77.0	-1.0	-1.0	71.0	81.0	78.6	
22:13:02	1744942382.4987779	0	0	0	77.0	77.0	75.0	79.0	75.0	79.0	77.0	-1.0	77.0	76.0	77.0	
22:13:02	1744942382.499189	1	0	0	78.0	79.0	78.0	80.0	79.0	77.0	-1.0	-1.0	71.0	81.0	78.6	
22:13:32	1744942412.4721344	0	0	0	77.0	77.0	75.0	79.0	75.0	79.0	77.0	-1.0	77.0	76.0	77.0	
22:13:32	1744942412.4725437	1	0	0	78.0	79.0	78.0	80.0	79.0	77.0	-1.0	-1.0	71.0	81.0	78.6	
22:14:02	1744942442.347607	0	0	0	77.0	77.0	75.0	79.0	75.0	79.0	77.0	-1.0	77.0	76.0	77.0	
22:14:02	1744942442.348018	1	0	0	78.0	79.0	78.0	80.0	79.0	77.0	-1.0	-1.0	71.0	81.0	78.7	
22:14:32	1744942472.457635	0	0	0	77.0	77.0	75.0	79.0	75.0	79.0	77.0	-1.0	77.0	76.0	77.0	
22:14:32	1744942472.4580493	1	0	0	78.0	79.0	78.0	80.0	79.0	77.0	-1.0	-1.0	71.0	81.0	78.7	
22:15:03	1744942503.6037865	0	0	0	77.0	77.0	75.0	79.0	75.0	79.0	77.0	-1.0	77.0	76.0	77.0	
22:15:03	1744942503.6042001	1	0	0	78.0	80.0	78.0	80.0	79.0	77.0	-1.0	-1.0	71.0	81.0	78.8	
22:15:32	1744942532.2558477	0	0	0	77.0	77.0	75.0	79.0	75.0	79.0	77.0	-1.0	77.0	76.0	77.0	
22:15:32	1744942532.256256	1	0	0	78.0	80.0	78.0	80.0	79.0	77.0	-1.0	-1.0	71.0	81.0	78.8	
22:16:02	1744942562.6342342	0	0	0	77.0	77.0	75.0	79.0	75.0	79.0	77.0	-1.0	77.0	76.0	77.0	
22:16:02	1744942562.6346495	1	0	0	78.0	80.0	78.0	80.0	79.0	77.0	-1.0	-1.0	71.0	81.0	78.7	
22:16:32	1744942592.533211	0	0	0	77.0	77.0	75.0	79.0	75.0	79.0	77.0	-1.0	77.0	76.0	77.0	
22:16:32	1744942592.5336235	1	0	0	78.0	80.0	78.0	80.0	79.0	77.0	-1.0	-1.0	71.0	81.0	78.7	
22:17:02	1744942622.6127448	0	0	0	77.0	77.0	75.0	79.0	75.0	79.0	77.0	-1.0	77.0	76.0	77.0	
22:17:02	1744942622.6131587	1	0	0	78.0	79.0	78.0	80.0	79.0	77.0	-1.0	-1.0	71.0	81.0	78.6	
22:17:32	1744942652.2879336	0	0	0	77.0	77.0	75.0	79.0	75.0	79.0	77.0	-1.0	77.0	76.0	77.0	
22:17:32	1744942652.2883432	1	0	0	78.0	79.0	78.0	80.0	79.0	77.0	-1.0	-1.0	71.0	81.0	78.6	
22:18:02	1744942682.4912913	0	0	0	77.0	77.0	75.0	79.0	75.0	79.0	77.0	-1.0	77.0	76.0	77.0	
22:18:02	1744942682.4982872	1	0	0	78.0	79.0	78.0	80.0	79.0	77.0	-1.0	-1.0	71.0	81.0	78.6	
22:18:32	1744942712.3484795	0	0	0	77.0	77.0	75.0	79.0	75.0	79.0	77.0	-1.0	77.0	76.0	77.0	
22:18:32	1744942712.3554873	1	0	0	78.0	79.0	78.0	80.0	79.0	77.0	-1.0	-1.0	71.0	81.0	78.6	
22:19:02	1744942742.4048371	0	0	0	77.0	77.0	75.0	79.0	75.0	79.0	77.0	-1.0	77.0	76.0	77.0	
22:19:02	1744942742.4118414	1	0	0	78.0	79.0	78.0	80.0	79.0	77.0	-1.0	-1.0	70.0	81.0	78.6	
22:19:32	1744942772.299321	0	0	0	77.0	77.0	75.0	79.0	75.0	79.0	77.0	-1.0	77.0	76.0	77.0	
22:19:32	1744942772.2997296	1	0	0	78.0	79.0	78.0	80.0	79.0	77.0	-1.0	-1.0	70.0	82.0	78.6	
22:20:02	1744942802.284095	0	0	0	77.0	77.0	75.0	79.0	75.0	79.0	77.0	-1.0	77.0	76.0	77.0	
22:20:02	1744942802.284506	1	0	0	78.0	79.0	78.0	80.0	79.0	77.0	-1.0	-1.0	70.0	82.0	78.6	
22:20:32	1744942832.583535	0	0	0	77.0	77.0	75.0	79.0	75.0	79.0	77.0	-1.0	77.0	76.0	77.0	
22:20:32	1744942832.5839448	1	0	0	78.0	79.0	78.0	80.0	79.0	77.0	-1.0	-1.0	70.0	82.0	78.6	
22:21:02	1744942862.4579341	0	0	0	77.0	77.0	75.0	79.0	75.0	79.0	77.0	-1.0	77.0	76.0	77.0	
22:21:02	1744942862.4583771	1	0	0	78.0	79.0	78.0	80.0	79.0	77.0	-1.0	-1.0	70.0	82.0	78.6	
22:21:32	1744942892.3465154	0	0	0	77.0	77.0	75.0	79.0	75.0	79.0	77.0	-1.0	77.0	76.0	77.1	
22:21:32	1744942892.34697	1	0	0	78.0	79.0	78.0	80.0	79.0	77.0	-1.0	-1.0	70.0	82.0	78.6	
22:22:02	1744942922.3941565	0	0	0	77.0	78.0	75.0	79.0	75.0	79.0	77.0	-1.0	77.0	77.0	77.2	
22:22:02	1744942922.3945673	1	0	0	78.0	79.0	78.0	80.0	79.0	77.0	-1.0	-1.0	70.0	82.0	78.6	
22:22:32	1744942952.3254428	0	0	0	77.0	78.0	75.0	79.0	75.0	79.0	78.0	-1.0	77.0	76.0	77.1	
22:22:32	1744942952.3258612	1	0	0	78.0	79.0	78.0	80.0	79.0	77.0	-1.0	-1.0	70.0	82.0	78.6	
22:23:03	1744942983.4943347	0	0	0	77.0	77.0	75.0	79.0	75.0	79.0	78.0	-1.0	77.0	76.0	77.0	
22:23:03	1744942983.494776	1	0	0	78.0	79.0	78.0	80.0	79.0	77.0	-1.0	-1.0	70.0	82.0	78.6	
22:23:32	1744943012.4743645	0	0	0	77.0	77.0	75.0	79.0	75.0	79.0	77.0	-1.0	77.0	76.0	77.0	
22:23:32	1744943012.4747725	1	0	0	78.0	79.0	78.0	80.0	79.0	77.0	-1.0	-1.0	70.0	82.0	78.6	
22:24:02	1744943042.4172602	0	0	0	77.0	77.0	75.0	79.0	75.0	79.0	77.0	-1.0	77.0	77.0	77.0	
22:24:02	1744943042.417671	1	0	0	78.0	79.0	78.0	80.0	79.0	77.0	-1.0	-1.0	70.0	82.0	78.6	
22:24:32	1744943072.6158218	0	0	0	77.0	77.0	75.0	79.0	75.0	79.0	77.0	-1.0	77.0	77.0	77.0	
22:24:32	1744943072.6162376	1	0	0	78.0	79.0	78.0	80.0	79.0	77.0	-1.0	-1.0	70.0	82.0	78.6	
22:25:02	1744943102.4364357	0	0	0	77.0	77.0	75.0	79.0	75.0	79.0	77.0	-1.0	77.0	77.0	77.0	
22:25:02	1744943102.436865	1	0	0	78.0	79.0	78.0	80.0	79.0	77.0	-1.0	-1.0	70.0	82.0	78.6	
22:25:32	1744943132.5383875	0	0	0	77.0	77.0	75.0	79.0	75.0	79.0	77.0	-1.0	77.0	77.0	77.0	
22:25:32	1744943132.5387974	1	0	0	78.0	79.0	78.0	80.0	79.0	77.0	-1.0	-1.0	70.0	82.0	78.6	
22:26:02	1744943162.4218056	0	0	0	77.0	77.0	75.0	79.0	75.0	79.0	77.0	-1.0	77.0	77.0	77.0	
22:26:02	1744943162.4222162	1	0	0	78.0	79.0	78.0	80.0	79.0	77.0	-1.0	-1.0	70.0	82.0	78.6	
22:26:32	1744943192.321203	0	0	0	77.0	77.0	75.0	79.0	75.0	79.0	77.0	-1.0	77.0	77.0	77.0	
22:26:32	1744943192.3262804	1	0	0	78.0	79.0	78.0	80.0	79.0	77.0	-1.0	-1.0	70.0	82.0	78.6	
22:27:02	1744943222.407497	0	0	0	77.0	77.0	75.0	79.0	75.0	79.0	77.0	-1.0	77.0	77.0	77.1	
22:27:02	1744943222.412113	1	0	0	78.0	79.0	78.0	80.0	79.0	77.0	-1.0	-1.0	70.0	82.0	78.6	
22:27:32	1744943252.423613	0	0	0	77.0	77.0	76.0	79.0	75.0	79.0	77.0	-1.0	77.0	77.0	77.1	
22:27:32	1744943252.4307168	1	0	0	79.0	79.0	78.0	80.0	79.0	77.0	-1.0	-1.0	70.0	82.0	78.6	
22:28:02	1744943282.4116752	0	0	0	77.0	77.0	76.0	79.0	75.0	79.0	77.0	-1.0	77.0	77.0	77.1	
22:28:02	1744943282.412088	1	0	0	79.0	79.0	78.0	80.0	79.0	77.0	-1.0	-1.0	70.0	82.0	78.6	
22:28:32	1744943312.5765438	0	0	0	77.0	77.0	75.0	79.0	75.0	79.0	78.0	-1.0	77.0	77.0	77.1	
22:28:32	1744943312.583551	1	0	0	79.0	79.0	78.0	80.0	79.0	77.0	-1.0	-1.0	70.0	82.0	78.6	
22:29:02	1744943342.4012313	0	0	0	77.0	77.0	75.0	79.0	75.0	79.0	78.0	-1.0	77.0	77.0	77.0	
22:29:02	1744943342.4082403	1	0	0	79.0	79.0	78.0	80.0	79.0	77.0	-1.0	-1.0	70.0	82.0	78.6	
22:29:32	1744943372.4546778	0	0	0	77.0	77.0	75.0	79.0	75.0	79.0	77.0	-1.0	77.0	77.0	77.0	
22:29:32	1744943372.4616685	1	0	0	79.0	79.0	78.0	80.0	79.0	77.0	-1.0	-1.0	71.0	82.0	78.6	
22:30:02	1744943402.3350556	0	0	0	77.0	77.0	75.0	79.0	75.0	79.0	77.0	-1.0	77.0	77.0	77.0	
22:30:02	1744943402.3354635	1	0	0	79.0	79.0	78.0	80.0	79.0	77.0	-1.0	-1.0	71.0	82.0	78.6	
22:30:32	1744943432.4655292	0	0	0	77.0	77.0	75.0	79.0	75.0	79.0	77.0	-1.0	77.0	77.0	77.0	
22:30:32	1744943432.4659407	1	0	0	79.0	79.0	78.0	80.0	79.0	77.0	-1.0	-1.0	71.0	82.0	78.6	
22:31:02	1744943462.337958	0	0	0	77.0	77.0	75.0	79.0	75.0	79.0	77.0	-1.0	77.0	77.0	77.0	
22:31:02	1744943462.3383667	1	0	0	79.0	79.0	78.0	80.0	79.0	77.0	-1.0	-1.0	71.0	82.0	78.6	
22:31:32	1744943492.536272	0	0	0	77.0	77.0	75.0	79.0	75.0	79.0	77.0	-1.0	77.0	77.0	77.0	
22:31:32	1744943492.5366971	1	0	0	79.0	79.0	78.0	80.0	79.0	77.0	-1.0	-1.0	71.0	82.0	78.6	
22:32:03	1744943523.6042516	0	0	0	77.0	77.0	75.0	79.0	75.0	79.0	77.0	-1.0	77.0	77.0	77.1	
22:32:03	1744943523.6046786	1	0	0	79.0	79.0	78.0	80.0	79.0	77.0	-1.0	-1.0	71.0	82.0	78.6	
22:32:32	1744943552.3153899	0	0	0	77.0	77.0	75.0	79.0	75.0	79.0	78.0	-1.0	77.0	77.0	77.2	
22:32:32	1744943552.3157985	1	0	0	79.0	79.0	78.0	80.0	79.0	77.0	-1.0	-1.0	71.0	82.0	78.6	
22:33:02	1744943582.4501696	0	0	0	77.0	78.0	75.0	79.0	75.0	79.0	78.0	-1.0	77.0	77.0	77.3	
22:33:02	1744943582.4505835	1	0	0	79.0	79.0	78.0	80.0	79.0	77.0	-1.0	-1.0	71.0	82.0	78.6	
22:33:32	1744943612.3914027	0	0	0	77.0	78.0	75.0	79.0	75.0	79.0	78.0	-1.0	77.0	77.0	77.3	
22:33:32	1744943612.3918152	1	0	0	79.0	79.0	78.0	80.0	79.0	77.0	-1.0	-1.0	71.0	82.0	78.6	
22:34:02	1744943642.4521153	0	0	0	77.0	78.0	75.0	79.0	75.0	79.0	78.0	-1.0	77.0	77.0	77.4	
22:34:02	1744943642.4525256	1	0	0	79.0	79.0	78.0	80.0	79.0	77.0	-1.0	-1.0	71.0	82.0	78.6	
22:34:32	1744943672.4309807	0	0	0	77.0	78.0	75.0	79.0	75.0	80.0	78.0	-1.0	77.0	77.0	77.4	
22:34:32	1744943672.4313936	1	0	0	79.0	79.0	78.0	80.0	79.0	77.0	-1.0	-1.0	71.0	82.0	78.6	
22:35:02	1744943702.4065125	0	0	0	77.0	78.0	75.0	79.0	75.0	80.0	78.0	-1.0	77.0	77.0	77.3	
22:35:02	1744943702.4132779	1	0	0	79.0	79.0	78.0	80.0	79.0	77.0	-1.0	-1.0	71.0	82.0	78.6	
22:35:32	1744943732.4298556	0	0	0	77.0	78.0	75.0	79.0	75.0	80.0	78.0	-1.0	77.0	77.0	77.2	
22:35:32	1744943732.430269	1	0	0	79.0	79.0	78.0	80.0	79.0	77.0	-1.0	-1.0	71.0	82.0	78.6	
22:36:02	1744943762.3326623	0	0	0	77.0	78.0	75.0	77.0	75.0	80.0	78.0	-1.0	77.0	77.0	77.1	
22:36:02	1744943762.3330812	1	0	0	79.0	79.0	78.0	80.0	79.0	77.0	-1.0	-1.0	71.0	81.0	78.6	
22:36:32	1744943792.3858936	0	0	0	77.0	78.0	76.0	77.0	75.0	79.0	78.0	-1.0	77.0	77.0	77.1	
22:36:32	1744943792.386308	1	0	0	79.0	79.0	78.0	80.0	79.0	77.0	-1.0	-1.0	71.0	81.0	78.5	
22:37:02	1744943822.3895688	0	0	0	77.0	78.0	76.0	77.0	75.0	79.0	78.0	-1.0	77.0	77.0	77.1	
22:37:02	1744943822.389984	1	0	0	79.0	79.0	78.0	80.0	79.0	77.0	-1.0	-1.0	71.0	81.0	78.5	
22:37:32	1744943852.4154334	0	0	0	77.0	78.0	75.0	77.0	75.0	80.0	78.0	-1.0	77.0	77.0	77.1	
22:37:32	1744943852.415847	1	0	0	79.0	79.0	77.0	80.0	79.0	77.0	-1.0	-1.0	71.0	81.0	78.5	
22:38:02	1744943882.8716466	0	0	0	77.0	78.0	75.0	77.0	75.0	80.0	78.0	-1.0	77.0	77.0	77.1	
22:38:02	1744943882.8720682	1	0	0	79.0	79.0	77.0	79.0	80.0	77.0	-1.0	-1.0	71.0	81.0	78.5	
22:38:32	1744943912.4297268	0	0	0	77.0	78.0	75.0	77.0	75.0	80.0	78.0	-1.0	77.0	77.0	77.1	
22:38:32	1744943912.4301403	1	0	0	79.0	79.0	78.0	79.0	80.0	77.0	-1.0	-1.0	71.0	81.0	78.5	
22:39:02	1744943942.42519	0	0	0	77.0	78.0	75.0	77.0	75.0	80.0	78.0	-1.0	77.0	77.0	77.1	
22:39:02	1744943942.4256132	1	0	0	79.0	79.0	78.0	79.0	79.0	77.0	-1.0	-1.0	71.0	81.0	78.4	
22:39:32	1744943972.3295743	0	0	0	77.0	78.0	75.0	77.0	75.0	80.0	78.0	-1.0	77.0	77.0	77.1	
22:39:32	1744943972.329987	1	0	0	79.0	79.0	78.0	79.0	79.0	77.0	-1.0	-1.0	71.0	81.0	78.4	
22:40:02	1744944002.4788265	0	0	0	77.0	78.0	75.0	77.0	75.0	80.0	78.0	-1.0	77.0	77.0	77.1	
22:40:02	1744944002.479242	1	0	0	79.0	79.0	78.0	79.0	79.0	77.0	-1.0	-1.0	71.0	81.0	78.5	
22:40:32	1744944032.291778	0	0	0	77.0	78.0	75.0	77.0	75.0	80.0	78.0	-1.0	77.0	77.0	77.2	
22:40:32	1744944032.2987614	1	0	0	79.0	79.0	78.0	79.0	79.0	77.0	-1.0	-1.0	71.0	81.0	78.5	
22:41:02	1744944062.5351484	0	0	0	77.0	78.0	75.0	77.0	75.0	80.0	78.0	-1.0	77.0	77.0	77.2	
22:41:02	1744944062.5421665	1	0	0	79.0	79.0	78.0	80.0	79.0	77.0	-1.0	-1.0	71.0	81.0	78.6	
22:41:32	1744944092.3927498	0	0	0	77.0	78.0	76.0	77.0	75.0	80.0	78.0	-1.0	77.0	77.0	77.3	
22:41:32	1744944092.3997538	1	0	0	79.0	79.0	78.0	80.0	79.0	77.0	-1.0	-1.0	70.0	81.0	78.6	
22:42:02	1744944122.5934937	0	0	0	77.0	78.0	76.0	77.0	75.0	80.0	78.0	-1.0	77.0	77.0	77.3	
22:42:02	1744944122.5939066	1	0	0	79.0	79.0	78.0	80.0	79.0	77.0	-1.0	-1.0	70.0	81.0	78.6	
22:42:32	1744944152.276352	0	0	0	77.0	78.0	76.0	77.0	75.0	80.0	78.0	-1.0	77.0	77.0	77.3	
22:42:32	1744944152.2767951	1	0	0	79.0	79.0	78.0	80.0	79.0	77.0	-1.0	-1.0	70.0	81.0	78.6	
22:43:02	1744944182.3798335	0	0	0	77.0	78.0	76.0	77.0	75.0	80.0	78.0	-1.0	77.0	77.0	77.3	
22:43:02	1744944182.3802443	1	0	0	79.0	79.0	78.0	80.0	79.0	77.0	-1.0	-1.0	70.0	81.0	78.6	
22:43:32	1744944212.3986623	0	0	0	77.0	78.0	76.0	77.0	75.0	80.0	78.0	-1.0	77.0	77.0	77.2	
22:43:32	1744944212.3990772	1	0	0	79.0	79.0	78.0	80.0	79.0	77.0	-1.0	-1.0	70.0	81.0	78.6	
22:44:02	1744944242.9439688	0	0	0	77.0	78.0	76.0	77.0	75.0	80.0	78.0	-1.0	77.0	77.0	77.2	
22:44:02	1744944242.9443834	1	0	0	79.0	79.0	78.0	80.0	79.0	77.0	-1.0	-1.0	70.0	81.0	78.6	
22:44:33	1744944273.8569586	0	0	0	77.0	78.0	75.0	77.0	75.0	80.0	78.0	-1.0	77.0	77.0	77.1	
22:44:33	1744944273.8573732	1	0	0	79.0	79.0	78.0	80.0	79.0	77.0	-1.0	-1.0	70.0	81.0	78.6	
22:45:02	1744944302.9849858	0	0	0	77.0	78.0	75.0	77.0	75.0	80.0	78.0	-1.0	77.0	77.0	77.1	
22:45:02	1744944302.9854	1	0	0	79.0	79.0	78.0	80.0	79.0	77.0	-1.0	-1.0	70.0	81.0	78.6	
22:45:33	1744944333.0243614	0	0	0	77.0	78.0	75.0	77.0	75.0	80.0	78.0	-1.0	77.0	77.0	77.2	
22:45:33	1744944333.0247917	1	0	0	79.0	79.0	78.0	80.0	79.0	77.0	-1.0	-1.0	70.0	81.0	78.6	
22:46:02	1744944362.5098796	0	0	0	77.0	78.0	75.0	77.0	75.0	80.0	78.0	-1.0	77.0	77.0	77.3	
22:46:02	1744944362.510292	1	0	0	79.0	79.0	78.0	80.0	79.0	77.0	-1.0	-1.0	70.0	81.0	78.6	
22:46:32	1744944392.3773808	0	0	0	77.0	78.0	76.0	77.0	75.0	80.0	78.0	-1.0	77.0	77.0	77.4	
22:46:32	1744944392.377794	1	0	0	79.0	79.0	78.0	80.0	79.0	77.0	-1.0	-1.0	70.0	81.0	78.6	
22:47:02	1744944422.3695138	0	0	0	77.0	78.0	76.0	77.0	76.0	80.0	78.0	-1.0	77.0	77.0	77.4	
22:47:02	1744944422.3699272	1	0	0	79.0	79.0	78.0	80.0	79.0	77.0	-1.0	-1.0	70.0	81.0	78.6	
22:47:32	1744944452.3890114	0	0	0	77.0	78.0	76.0	77.0	76.0	80.0	78.0	-1.0	77.0	77.0	77.3	
22:47:32	1744944452.3894324	1	0	0	79.0	79.0	78.0	80.0	79.0	77.0	-1.0	-1.0	70.0	81.0	78.7	
22:48:02	1744944482.352303	0	0	0	77.0	78.0	76.0	77.0	75.0	80.0	78.0	-1.0	77.0	77.0	77.3	
22:48:02	1744944482.3527126	1	0	0	79.0	79.0	78.0	80.0	79.0	77.0	-1.0	-1.0	70.0	81.0	78.7	
22:48:32	1744944512.4457455	0	0	0	77.0	78.0	76.0	77.0	75.0	80.0	78.0	-1.0	77.0	77.0	77.3	
22:48:32	1744944512.4461598	1	0	0	79.0	79.0	78.0	80.0	80.0	77.0	-1.0	-1.0	70.0	81.0	78.7	
22:49:02	1744944542.3313203	0	0	0	77.0	78.0	76.0	77.0	75.0	80.0	78.0	-1.0	77.0	77.0	77.3	
22:49:02	1744944542.3317401	1	0	0	79.0	79.0	78.0	79.0	80.0	77.0	-1.0	-1.0	70.0	81.0	78.6	
22:49:32	1744944572.5041237	0	0	0	77.0	78.0	76.0	77.0	75.0	80.0	78.0	-1.0	77.0	77.0	77.3	
22:49:32	1744944572.504538	1	0	0	79.0	79.0	78.0	79.0	80.0	77.0	-1.0	-1.0	70.0	81.0	78.5	
22:50:02	1744944602.564097	0	0	0	77.0	78.0	76.0	77.0	75.0	80.0	78.0	-1.0	77.0	77.0	77.3	
22:50:02	1744944602.56451	1	0	0	79.0	79.0	78.0	79.0	80.0	77.0	-1.0	-1.0	70.0	81.0	78.5	
22:50:32	1744944632.5921237	0	0	0	77.0	78.0	76.0	77.0	75.0	80.0	78.0	-1.0	77.0	77.0	77.2	
22:50:32	1744944632.592537	1	0	0	79.0	79.0	78.0	79.0	79.0	77.0	-1.0	-1.0	70.0	81.0	78.4	
22:51:02	1744944662.436386	0	0	0	77.0	78.0	76.0	77.0	75.0	80.0	78.0	-1.0	77.0	77.0	77.2	
22:51:02	1744944662.436813	1	0	0	79.0	79.0	78.0	79.0	79.0	77.0	-1.0	-1.0	70.0	81.0	78.4	
22:51:32	1744944692.4390054	0	0	0	77.0	78.0	75.0	77.0	75.0	80.0	78.0	-1.0	77.0	77.0	77.1	
22:51:32	1744944692.4456286	1	0	0	79.0	79.0	78.0	79.0	79.0	77.0	-1.0	-1.0	70.0	81.0	78.4	
22:52:02	1744944722.3484726	0	0	0	77.0	78.0	75.0	77.0	75.0	80.0	78.0	-1.0	77.0	77.0	77.1	
22:52:02	1744944722.3489027	1	0	0	79.0	79.0	78.0	79.0	79.0	77.0	-1.0	-1.0	70.0	81.0	78.4	
22:52:32	1744944752.5812612	0	0	0	77.0	78.0	75.0	77.0	75.0	80.0	78.0	-1.0	77.0	77.0	77.1	
22:52:32	1744944752.581675	1	0	0	79.0	79.0	78.0	79.0	79.0	77.0	-1.0	-1.0	70.0	82.0	78.4	
22:53:02	1744944782.3940833	0	0	0	77.0	78.0	75.0	77.0	75.0	80.0	78.0	-1.0	77.0	77.0	77.2	
22:53:02	1744944782.3944964	1	0	0	79.0	79.0	78.0	79.0	79.0	77.0	-1.0	-1.0	70.0	82.0	78.4	
22:53:32	1744944812.7034795	0	0	0	77.0	78.0	75.0	77.0	75.0	80.0	78.0	-1.0	77.0	77.0	77.2	
22:53:32	1744944812.7038913	1	0	0	79.0	79.0	78.0	79.0	79.0	77.0	-1.0	-1.0	70.0	82.0	78.5	
22:54:02	1744944842.3642302	0	0	0	77.0	78.0	75.0	77.0	76.0	80.0	78.0	-1.0	77.0	77.0	77.3	
22:54:02	1744944842.364671	1	0	0	79.0	79.0	78.0	79.0	79.0	77.0	-1.0	-1.0	70.0	82.0	78.6	
22:54:32	1744944872.5679908	0	0	0	77.0	78.0	75.0	77.0	76.0	80.0	78.0	-1.0	77.0	77.0	77.3	
22:54:32	1744944872.5684078	1	0	0	79.0	80.0	78.0	79.0	79.0	77.0	-1.0	-1.0	70.0	82.0	78.7	
22:55:02	1744944902.4438775	0	0	0	77.0	78.0	75.0	77.0	76.0	80.0	78.0	-1.0	77.0	77.0	77.3	
22:55:02	1744944902.4443076	1	0	0	79.0	80.0	78.0	80.0	79.0	77.0	-1.0	-1.0	70.0	82.0	78.7	
22:55:32	1744944932.3612666	0	0	0	77.0	78.0	75.0	77.0	76.0	80.0	78.0	-1.0	77.0	77.0	77.3	
22:55:32	1744944932.3616831	1	0	0	79.0	79.0	78.0	80.0	79.0	77.0	-1.0	-1.0	70.0	82.0	78.6	
22:56:03	1744944963.0590515	0	0	0	77.0	78.0	76.0	77.0	75.0	80.0	78.0	-1.0	77.0	77.0	77.3	
22:56:03	1744944963.0594666	1	0	0	79.0	79.0	78.0	80.0	79.0	77.0	-1.0	-1.0	70.0	82.0	78.5	
22:56:32	1744944992.5368762	0	0	0	77.0	78.0	76.0	77.0	75.0	80.0	78.0	-1.0	77.0	77.0	77.3	
22:56:32	1744944992.5372963	1	0	0	79.0	79.0	78.0	80.0	79.0	77.0	-1.0	-1.0	70.0	82.0	78.4	
22:57:02	1744945022.5124953	0	0	0	77.0	78.0	76.0	77.0	75.0	80.0	78.0	-1.0	77.0	77.0	77.3	
22:57:02	1744945022.5129278	1	0	0	79.0	79.0	77.0	79.0	79.0	77.0	-1.0	-1.0	70.0	82.0	78.3	
22:57:32	1744945052.436341	0	0	0	77.0	78.0	76.0	77.0	75.0	80.0	78.0	-1.0	77.0	77.0	77.3	
22:57:32	1744945052.4367774	1	0	0	79.0	80.0	77.0	79.0	79.0	77.0	-1.0	-1.0	70.0	82.0	78.4	
22:58:02	1744945082.3476532	0	0	0	77.0	78.0	76.0	77.0	75.0	80.0	78.0	-1.0	77.0	77.0	77.3	
22:58:02	1744945082.3480704	1	0	0	79.0	80.0	77.0	79.0	79.0	77.0	-1.0	-1.0	70.0	82.0	78.5	
22:58:32	1744945112.5374732	0	0	0	77.0	78.0	76.0	77.0	75.0	80.0	78.0	-1.0	77.0	77.0	77.3	
22:58:32	1744945112.5378902	1	0	0	79.0	80.0	77.0	79.0	79.0	77.0	-1.0	-1.0	70.0	82.0	78.5	
22:59:02	1744945142.6055508	0	0	0	77.0	78.0	76.0	77.0	75.0	80.0	78.0	-1.0	77.0	77.0	77.4	
22:59:02	1744945142.605965	1	0	0	79.0	80.0	78.0	79.0	79.0	77.0	-1.0	-1.0	70.0	82.0	78.5	
22:59:32	1744945172.3580148	0	0	0	77.0	78.0	76.0	77.0	76.0	80.0	78.0	-1.0	77.0	77.0	77.4	
22:59:32	1744945172.358429	1	0	0	79.0	79.0	78.0	79.0	79.0	77.0	-1.0	-1.0	70.0	82.0	78.4	
23:00:02	1744945202.4127815	0	0	0	77.0	78.0	76.0	77.0	76.0	80.0	78.0	-1.0	77.0	77.0	77.4	
23:00:02	1744945202.4132004	1	0	0	79.0	79.0	78.0	79.0	79.0	77.0	-1.0	-1.0	70.0	82.0	78.4	
23:00:32	1744945232.4616654	0	0	0	77.0	78.0	76.0	77.0	76.0	80.0	78.0	-1.0	77.0	77.0	77.4	
23:00:32	1744945232.462081	1	0	0	79.0	79.0	78.0	79.0	79.0	77.0	-1.0	-1.0	70.0	82.0	78.4	
23:01:02	1744945262.3971443	0	0	0	77.0	78.0	76.0	77.0	76.0	80.0	78.0	-1.0	77.0	77.0	77.3	
23:01:02	1744945262.3975575	1	0	0	79.0	79.0	78.0	79.0	79.0	77.0	-1.0	-1.0	70.0	82.0	78.4	
23:01:32	1744945292.2891517	0	0	0	77.0	78.0	76.0	77.0	75.0	80.0	78.0	-1.0	77.0	77.0	77.3	
23:01:32	1744945292.289565	1	0	0	79.0	79.0	78.0	79.0	79.0	77.0	-1.0	-1.0	70.0	82.0	78.4	
23:02:02	1744945322.433657	0	0	0	77.0	78.0	76.0	77.0	75.0	80.0	78.0	-1.0	77.0	77.0	77.3	
23:02:02	1744945322.4340518	1	0	0	79.0	79.0	78.0	79.0	79.0	77.0	-1.0	-1.0	70.0	82.0	78.4	
23:02:32	1744945352.7102864	0	0	0	77.0	78.0	76.0	77.0	75.0	80.0	78.0	-1.0	77.0	77.0	77.3	
23:02:32	1744945352.717268	1	0	0	79.0	79.0	78.0	79.0	79.0	77.0	-1.0	-1.0	70.0	82.0	78.5	
23:03:02	1744945382.3807738	0	0	0	77.0	78.0	76.0	77.0	75.0	80.0	78.0	-1.0	77.0	77.0	77.4	
23:03:02	1744945382.3879206	1	0	0	79.0	79.0	78.0	79.0	79.0	77.0	-1.0	-1.0	70.0	82.0	78.5	
23:03:32	1744945412.4987817	0	0	0	77.0	78.0	76.0	77.0	76.0	80.0	78.0	-1.0	77.0	77.0	77.4	
23:03:32	1744945412.505783	1	0	0	78.0	80.0	78.0	79.0	79.0	77.0	-1.0	-1.0	70.0	82.0	78.6	
23:04:02	1744945442.257438	0	0	0	77.0	78.0	76.0	77.0	76.0	80.0	78.0	-1.0	77.0	77.0	77.4	
23:04:02	1744945442.257852	1	0	0	78.0	80.0	78.0	79.0	79.0	77.0	-1.0	-1.0	70.0	82.0	78.5	
23:04:32	1744945472.359255	0	0	0	77.0	78.0	76.0	77.0	76.0	80.0	78.0	-1.0	77.0	77.0	77.4	
23:04:32	1744945472.3596683	1	0	0	78.0	80.0	78.0	79.0	79.0	77.0	-1.0	-1.0	70.0	82.0	78.5	
23:05:02	1744945502.6345618	0	0	0	77.0	78.0	76.0	77.0	76.0	80.0	78.0	-1.0	77.0	77.0	77.4	
23:05:02	1744945502.6349776	1	0	0	78.0	80.0	77.0	79.0	79.0	77.0	-1.0	-1.0	70.0	82.0	78.4	
23:05:32	1744945532.3818667	0	0	0	77.0	78.0	76.0	77.0	76.0	80.0	78.0	-1.0	77.0	77.0	77.4	
23:05:32	1744945532.3822799	1	0	0	78.0	80.0	77.0	79.0	79.0	77.0	-1.0	-1.0	70.0	82.0	78.4	
23:06:02	1744945562.5307238	0	0	0	77.0	78.0	76.0	77.0	76.0	80.0	78.0	-1.0	77.0	77.0	77.4	
23:06:02	1744945562.5311384	1	0	0	78.0	80.0	77.0	79.0	79.0	77.0	-1.0	-1.0	70.0	82.0	78.4	
23:06:32	1744945592.4086218	0	0	0	77.0	78.0	76.0	77.0	76.0	80.0	78.0	-1.0	77.0	77.0	77.4	
23:06:32	1744945592.409046	1	0	0	78.0	80.0	77.0	79.0	79.0	77.0	-1.0	-1.0	70.0	82.0	78.3	
23:07:02	1744945622.4021304	0	0	0	77.0	78.0	76.0	77.0	76.0	80.0	78.0	-1.0	77.0	77.0	77.4	
23:07:02	1744945622.4025445	1	0	0	78.0	80.0	77.0	79.0	79.0	77.0	-1.0	-1.0	70.0	82.0	78.3	
23:07:32	1744945652.414761	0	0	0	77.0	78.0	76.0	77.0	76.0	80.0	78.0	-1.0	77.0	77.0	77.4	
23:07:32	1744945652.415178	1	0	0	78.0	79.0	77.0	79.0	79.0	77.0	-1.0	-1.0	70.0	82.0	78.2	
23:08:02	1744945682.3703701	0	0	0	77.0	78.0	76.0	77.0	76.0	80.0	78.0	-1.0	77.0	77.0	77.4	
23:08:02	1744945682.3707833	1	0	0	78.0	79.0	77.0	79.0	79.0	77.0	-1.0	-1.0	70.0	82.0	78.2	
23:08:32	1744945712.4413953	0	0	0	77.0	78.0	76.0	77.0	76.0	80.0	78.0	-1.0	77.0	77.0	77.4	
23:08:32	1744945712.4418137	1	0	0	78.0	79.0	77.0	79.0	79.0	77.0	-1.0	-1.0	70.0	82.0	78.2	
23:09:02	1744945742.3309295	0	0	0	77.0	78.0	76.0	77.0	76.0	80.0	78.0	-1.0	77.0	77.0	77.4	
23:09:02	1744945742.337943	1	0	0	78.0	79.0	77.0	79.0	79.0	77.0	-1.0	-1.0	70.0	82.0	78.2	
23:09:32	1744945772.4710236	0	0	0	77.0	78.0	76.0	77.0	76.0	80.0	78.0	-1.0	77.0	77.0	77.4	
23:09:32	1744945772.4780319	1	0	0	78.0	79.0	77.0	79.0	79.0	77.0	-1.0	-1.0	70.0	82.0	78.2	
23:10:02	1744945802.395557	0	0	0	77.0	78.0	76.0	77.0	76.0	80.0	78.0	-1.0	77.0	77.0	77.4	
23:10:02	1744945802.4025524	1	0	0	78.0	79.0	77.0	79.0	79.0	77.0	-1.0	-1.0	69.0	82.0	78.2	
23:10:32	1744945832.3358598	0	0	0	77.0	78.0	76.0	77.0	76.0	80.0	78.0	-1.0	77.0	77.0	77.4	
23:10:32	1744945832.3362732	1	0	0	78.0	79.0	77.0	79.0	79.0	77.0	-1.0	-1.0	69.0	82.0	78.2	
23:11:02	1744945862.528738	0	0	0	77.0	78.0	76.0	77.0	76.0	80.0	78.0	-1.0	77.0	77.0	77.4	
23:11:02	1744945862.529157	1	0	0	78.0	79.0	77.0	79.0	79.0	77.0	-1.0	-1.0	69.0	82.0	78.2	
23:11:32	1744945892.5620904	0	0	0	77.0	78.0	76.0	77.0	76.0	80.0	78.0	-1.0	77.0	77.0	77.4	
23:11:32	1744945892.5625033	1	0	0	78.0	79.0	77.0	79.0	79.0	77.0	-1.0	-1.0	69.0	82.0	78.3	
23:12:02	1744945922.4397955	0	0	0	77.0	78.0	76.0	77.0	76.0	80.0	78.0	-1.0	77.0	77.0	77.4	
23:12:02	1744945922.440208	1	0	0	78.0	79.0	77.0	79.0	79.0	77.0	-1.0	-1.0	69.0	82.0	78.3	
23:12:32	1744945952.3935869	0	0	0	77.0	78.0	76.0	77.0	76.0	80.0	78.0	-1.0	77.0	77.0	77.4	
23:12:32	1744945952.3940103	1	0	0	78.0	80.0	77.0	79.0	79.0	77.0	-1.0	-1.0	69.0	82.0	78.4	
23:13:02	1744945982.505978	0	0	0	77.0	78.0	76.0	77.0	76.0	80.0	78.0	-1.0	77.0	77.0	77.4	
23:13:02	1744945982.5063922	1	0	0	78.0	80.0	77.0	79.0	79.0	77.0	-1.0	-1.0	69.0	82.0	78.5	
23:13:32	1744946012.2985978	0	0	0	77.0	78.0	76.0	77.0	76.0	80.0	78.0	-1.0	77.0	77.0	77.4	
23:13:32	1744946012.299009	1	0	0	78.0	80.0	77.0	79.0	79.0	77.0	-1.0	-1.0	69.0	82.0	78.5	
23:14:03	1744946043.454138	0	0	0	77.0	78.0	76.0	77.0	76.0	80.0	78.0	-1.0	77.0	77.0	77.4	
23:14:03	1744946043.4545515	1	0	0	78.0	80.0	78.0	79.0	79.0	77.0	-1.0	-1.0	69.0	82.0	78.6	
23:14:32	1744946072.4852824	0	0	0	77.0	78.0	76.0	77.0	76.0	80.0	78.0	-1.0	77.0	77.0	77.4	
23:14:32	1744946072.4857082	1	0	0	78.0	80.0	78.0	79.0	79.0	77.0	-1.0	-1.0	69.0	82.0	78.6	
23:15:02	1744946102.416476	0	0	0	77.0	78.0	76.0	77.0	76.0	80.0	78.0	-1.0	77.0	77.0	77.4	
23:15:02	1744946102.4169042	1	0	0	78.0	80.0	78.0	79.0	79.0	77.0	-1.0	-1.0	69.0	82.0	78.6	
23:15:32	1744946132.386269	0	0	0	77.0	78.0	76.0	77.0	76.0	80.0	78.0	-1.0	77.0	77.0	77.4	
23:15:32	1744946132.3866823	1	0	0	78.0	80.0	78.0	79.0	79.0	77.0	-1.0	-1.0	69.0	82.0	78.5	
23:16:02	1744946162.3417943	0	0	0	77.0	78.0	76.0	77.0	76.0	80.0	78.0	-1.0	77.0	77.0	77.4	
23:16:02	1744946162.3422108	1	0	0	78.0	80.0	78.0	79.0	79.0	77.0	-1.0	-1.0	69.0	82.0	78.5	
23:16:32	1744946192.4782465	0	0	0	77.0	78.0	76.0	77.0	76.0	80.0	78.0	-1.0	77.0	77.0	77.5	
23:16:32	1744946192.4786632	1	0	0	78.0	79.0	78.0	79.0	79.0	77.0	-1.0	-1.0	69.0	82.0	78.4	
23:17:02	1744946222.39807	0	0	0	77.0	78.0	76.0	77.0	76.0	80.0	78.0	-1.0	77.0	77.0	77.5	
23:17:02	1744946222.3984892	1	0	0	78.0	79.0	78.0	79.0	79.0	77.0	-1.0	-1.0	69.0	82.0	78.3	
23:17:32	1744946252.5782595	0	0	0	77.0	78.0	76.0	78.0	76.0	80.0	78.0	-1.0	77.0	77.0	77.6	
23:17:32	1744946252.5786738	1	0	0	78.0	79.0	78.0	79.0	79.0	77.0	-1.0	-1.0	69.0	82.0	78.3	
23:18:02	1744946282.4628127	0	0	0	77.0	78.0	76.0	78.0	76.0	80.0	78.0	-1.0	77.0	77.0	77.6	
23:18:02	1744946282.4632266	1	0	0	78.0	79.0	77.0	79.0	79.0	77.0	-1.0	-1.0	69.0	82.0	78.3	
23:18:32	1744946312.5716865	0	0	0	77.0	78.0	76.0	78.0	76.0	80.0	78.0	-1.0	77.0	77.0	77.5	
23:18:32	1744946312.572105	1	0	0	78.0	80.0	77.0	79.0	79.0	77.0	-1.0	-1.0	69.0	82.0	78.4	
23:19:02	1744946342.5654807	0	0	0	77.0	78.0	76.0	78.0	76.0	80.0	78.0	-1.0	77.0	77.0	77.5	
23:19:02	1744946342.565892	1	0	0	78.0	80.0	77.0	79.0	79.0	77.0	-1.0	-1.0	69.0	82.0	78.4	
23:19:33	1744946373.6605468	0	5	0	77.0	78.0	76.0	77.0	76.0	80.0	78.0	-1.0	77.0	77.0	77.4	
23:19:33	1744946373.661091	1	0	0	78.0	80.0	77.0	79.0	79.0	77.0	-1.0	-1.0	69.0	82.0	78.3	
23:20:02	1744946402.3919573	0	5	0	77.0	78.0	76.0	77.0	76.0	80.0	78.0	-1.0	77.0	77.0	77.4	
23:20:02	1744946402.3923855	1	0	0	78.0	80.0	77.0	79.0	79.0	77.0	-1.0	-1.0	69.0	82.0	78.3	
23:20:32	1744946432.3724577	0	5	0	77.0	78.0	76.0	77.0	76.0	80.0	78.0	-1.0	77.0	76.0	77.4	
23:20:32	1744946432.3728838	1	0	0	78.0	79.0	77.0	79.0	79.0	77.0	-1.0	-1.0	69.0	82.0	78.2	
23:21:02	1744946462.301382	0	5	0	77.0	78.0	76.0	77.0	76.0	80.0	78.0	-1.0	77.0	76.0	77.4	
23:21:02	1744946462.301798	1	0	0	78.0	79.0	77.0	79.0	79.0	77.0	-1.0	-1.0	69.0	82.0	78.2	
23:21:32	1744946492.2616827	0	5	0	77.0	78.0	76.0	77.0	76.0	80.0	78.0	-1.0	77.0	76.0	77.4	
23:21:32	1744946492.2621372	1	0	0	78.0	79.0	77.0	79.0	79.0	77.0	-1.0	-1.0	69.0	82.0	78.2	
23:22:03	1744946523.5867906	0	5	0	77.0	78.0	76.0	77.0	76.0	80.0	78.0	-1.0	77.0	76.0	77.4	
23:22:03	1744946523.5872247	1	0	0	78.0	79.0	77.0	79.0	79.0	77.0	-1.0	-1.0	69.0	82.0	78.3	
23:22:32	1744946552.5098984	0	5	0	77.0	78.0	76.0	77.0	76.0	80.0	78.0	-1.0	77.0	77.0	77.4	
23:22:32	1744946552.510349	1	0	0	78.0	79.0	77.0	79.0	79.0	77.0	-1.0	-1.0	69.0	82.0	78.3	
23:23:02	1744946582.4393704	0	5	0	77.0	78.0	76.0	77.0	76.0	80.0	78.0	-1.0	77.0	77.0	77.4	
23:23:02	1744946582.4397898	1	0	0	78.0	79.0	78.0	79.0	79.0	77.0	-1.0	-1.0	69.0	82.0	78.4	
23:23:32	1744946612.4799836	0	5	0	77.0	78.0	76.0	77.0	76.0	80.0	78.0	-1.0	77.0	77.0	77.4	
23:23:32	1744946612.4803936	1	0	0	78.0	79.0	78.0	79.0	79.0	77.0	-1.0	-1.0	69.0	82.0	78.4	
23:24:02	1744946642.4210405	0	5	0	77.0	78.0	76.0	77.0	76.0	80.0	78.0	-1.0	77.0	77.0	77.4	
23:24:02	1744946642.4280393	1	0	0	78.0	79.0	78.0	79.0	79.0	77.0	-1.0	-1.0	69.0	82.0	78.4	
23:24:32	1744946672.3997505	0	5	0	77.0	78.0	76.0	77.0	76.0	80.0	78.0	-1.0	77.0	77.0	77.4	
23:24:32	1744946672.4067419	1	0	0	78.0	79.0	78.0	79.0	79.0	77.0	-1.0	-1.0	69.0	82.0	78.4	
23:25:02	1744946702.3230474	0	5	0	77.0	78.0	76.0	77.0	76.0	80.0	78.0	-1.0	77.0	77.0	77.4	
23:25:02	1744946702.3300323	1	0	0	78.0	79.0	78.0	79.0	79.0	77.0	-1.0	-1.0	68.0	82.0	78.4	
23:25:32	1744946732.4059393	0	5	0	77.0	78.0	76.0	77.0	76.0	80.0	78.0	-1.0	77.0	78.0	77.5	
23:25:32	1744946732.4063678	1	0	0	78.0	79.0	78.0	79.0	79.0	77.0	-1.0	-1.0	68.0	82.0	78.4	
23:26:02	1744946762.3438425	0	5	0	77.0	78.0	76.0	77.0	76.0	80.0	78.0	-1.0	77.0	78.0	77.5	
23:26:02	1744946762.3442767	1	0	0	78.0	79.0	78.0	79.0	79.0	77.0	-1.0	-1.0	68.0	82.0	78.4	
23:26:32	1744946792.3990853	0	5	0	77.0	78.0	76.0	78.0	76.0	80.0	78.0	-1.0	77.0	78.0	77.6	
23:26:32	1744946792.3995185	1	0	0	78.0	79.0	78.0	79.0	79.0	77.0	-1.0	-1.0	68.0	82.0	78.3	
23:27:02	1744946822.2504506	0	5	0	77.0	78.0	76.0	78.0	76.0	80.0	78.0	-1.0	77.0	78.0	77.5	
23:27:02	1744946822.2508588	1	0	0	78.0	79.0	78.0	79.0	79.0	77.0	-1.0	-1.0	68.0	82.0	78.3	
23:27:32	1744946852.5490577	0	5	0	77.0	78.0	76.0	78.0	76.0	80.0	78.0	-1.0	77.0	78.0	77.5	
23:27:32	1744946852.5494998	1	0	0	78.0	79.0	77.0	79.0	79.0	77.0	-1.0	-1.0	68.0	82.0	78.2	
23:28:02	1744946882.3691533	0	5	0	77.0	78.0	76.0	77.0	76.0	80.0	78.0	-1.0	77.0	78.0	77.4	
23:28:02	1744946882.3695905	1	0	0	78.0	79.0	77.0	79.0	79.0	77.0	-1.0	-1.0	68.0	82.0	78.2	
23:28:32	1744946912.3465188	0	5	0	77.0	78.0	76.0	77.0	76.0	80.0	78.0	-1.0	77.0	78.0	77.4	
23:28:32	1744946912.3469596	1	0	0	78.0	79.0	77.0	79.0	79.0	77.0	-1.0	-1.0	68.0	82.0	78.2	
23:29:02	1744946942.371246	0	5	0	77.0	78.0	76.0	77.0	76.0	80.0	78.0	-1.0	77.0	78.0	77.4	
23:29:02	1744946942.371678	1	0	0	78.0	79.0	77.0	79.0	79.0	77.0	-1.0	-1.0	68.0	82.0	78.2	
23:29:32	1744946972.31502	0	5	0	77.0	78.0	76.0	77.0	76.0	80.0	78.0	-1.0	77.0	78.0	77.4	
23:29:32	1744946972.3154476	1	0	0	78.0	79.0	77.0	79.0	79.0	77.0	-1.0	-1.0	68.0	82.0	78.2	
23:30:03	1744947003.4856732	0	5	0	77.0	78.0	76.0	77.0	76.0	80.0	78.0	-1.0	77.0	78.0	77.4	
23:30:03	1744947003.4860752	1	0	0	78.0	79.0	77.0	79.0	79.0	77.0	-1.0	-1.0	68.0	82.0	78.2	
23:30:32	1744947032.4750733	0	5	0	77.0	78.0	76.0	77.0	76.0	80.0	78.0	-1.0	77.0	78.0	77.4	
23:30:32	1744947032.4822056	1	0	0	78.0	79.0	77.0	79.0	79.0	77.0	-1.0	-1.0	68.0	82.0	78.2	
23:31:02	1744947062.2936308	0	5	0	77.0	78.0	76.0	77.0	76.0	80.0	78.0	-1.0	77.0	78.0	77.4	
23:31:02	1744947062.294069	1	0	0	78.0	79.0	77.0	79.0	79.0	77.0	-1.0	-1.0	68.0	82.0	78.2	
23:31:32	1744947092.331388	0	5	0	77.0	78.0	76.0	77.0	76.0	80.0	78.0	-1.0	77.0	78.0	77.4	
23:31:32	1744947092.3318229	1	0	0	78.0	79.0	77.0	79.0	79.0	77.0	-1.0	-1.0	68.0	81.0	78.2	
23:32:02	1744947122.595296	0	5	0	77.0	78.0	76.0	77.0	76.0	80.0	78.0	-1.0	77.0	78.0	77.4	
23:32:02	1744947122.5957239	1	0	0	78.0	79.0	77.0	79.0	79.0	77.0	-1.0	-1.0	68.0	81.0	78.2	
23:32:32	1744947152.338606	0	5	0	77.0	78.0	76.0	77.0	76.0	80.0	78.0	-1.0	77.0	78.0	77.4	
23:32:32	1744947152.33904	1	0	0	78.0	79.0	77.0	79.0	79.0	77.0	-1.0	-1.0	68.0	81.0	78.2	
23:33:02	1744947182.4603393	0	5	0	77.0	78.0	76.0	77.0	76.0	80.0	78.0	-1.0	77.0	78.0	77.4	
23:33:02	1744947182.460799	1	0	0	78.0	79.0	77.0	79.0	79.0	77.0	-1.0	-1.0	68.0	81.0	78.2	
23:33:32	1744947212.4435651	0	5	0	77.0	78.0	76.0	77.0	76.0	80.0	78.0	-1.0	77.0	78.0	77.4	
23:33:32	1744947212.4440029	1	0	0	78.0	79.0	77.0	79.0	79.0	77.0	-1.0	-1.0	68.0	81.0	78.2	
23:34:02	1744947242.4134738	0	5	0	77.0	78.0	76.0	77.0	76.0	80.0	78.0	-1.0	77.0	78.0	77.4	
23:34:02	1744947242.413878	1	0	0	78.0	79.0	77.0	79.0	79.0	77.0	-1.0	-1.0	68.0	81.0	78.2	
23:34:32	1744947272.4338634	0	5	0	77.0	78.0	76.0	77.0	76.0	80.0	78.0	-1.0	77.0	78.0	77.4	
23:34:32	1744947272.4342911	1	0	0	78.0	79.0	77.0	79.0	79.0	77.0	-1.0	-1.0	68.0	81.0	78.2	
23:35:02	1744947302.5124226	0	5	0	77.0	78.0	76.0	77.0	76.0	80.0	78.0	-1.0	77.0	78.0	77.4	
23:35:02	1744947302.512881	1	0	0	78.0	79.0	77.0	79.0	79.0	77.0	-1.0	-1.0	68.0	81.0	78.2	
23:35:32	1744947332.4482827	0	5	0	77.0	78.0	76.0	77.0	76.0	80.0	78.0	-1.0	77.0	78.0	77.4	
23:35:32	1744947332.4487343	1	0	0	78.0	79.0	77.0	79.0	79.0	77.0	-1.0	-1.0	68.0	81.0	78.3	
23:36:02	1744947362.4681928	0	5	0	77.0	78.0	76.0	77.0	76.0	80.0	78.0	-1.0	77.0	78.0	77.4	
23:36:02	1744947362.4686184	1	0	0	78.0	79.0	77.0	79.0	79.0	77.0	-1.0	-1.0	68.0	81.0	78.3	
23:36:32	1744947392.4540823	0	5	0	77.0	78.0	76.0	77.0	76.0	80.0	78.0	-1.0	77.0	78.0	77.4	
23:36:32	1744947392.454494	1	0	0	78.0	79.0	78.0	79.0	79.0	77.0	-1.0	-1.0	68.0	81.0	78.4	
23:37:02	1744947422.293995	0	5	0	77.0	78.0	76.0	77.0	76.0	80.0	78.0	-1.0	77.0	78.0	77.4	
23:37:02	1744947422.2944295	1	0	0	78.0	79.0	78.0	79.0	79.0	77.0	-1.0	-1.0	68.0	81.0	78.4	
23:37:32	1744947452.3443394	0	5	0	77.0	78.0	76.0	77.0	76.0	80.0	78.0	-1.0	77.0	78.0	77.4	
23:37:32	1744947452.3447895	1	0	0	78.0	79.0	78.0	79.0	79.0	77.0	-1.0	-1.0	68.0	81.0	78.3	
23:38:04	1744947484.7214024	0	5	0	77.0	78.0	76.0	77.0	76.0	80.0	78.0	-1.0	77.0	78.0	77.4	
23:38:04	1744947484.7218308	1	0	0	78.0	79.0	78.0	79.0	79.0	77.0	-1.0	-1.0	68.0	81.0	78.3	
23:38:32	1744947512.6081772	0	5	0	77.0	78.0	76.0	77.0	76.0	80.0	78.0	-1.0	77.0	78.0	77.4	
23:38:32	1744947512.6085835	1	0	0	78.0	79.0	77.0	79.0	79.0	77.0	-1.0	-1.0	68.0	81.0	78.2	
23:39:03	1744947543.5972497	0	5	0	77.0	78.0	76.0	77.0	76.0	80.0	78.0	-1.0	77.0	78.0	77.4	
23:39:03	1744947543.5976768	1	0	0	78.0	79.0	77.0	79.0	79.0	77.0	-1.0	-1.0	68.0	81.0	78.2	
23:39:32	1744947572.4330273	0	5	0	77.0	78.0	76.0	77.0	76.0	80.0	78.0	-1.0	77.0	78.0	77.4	
23:39:32	1744947572.4334602	1	0	0	78.0	79.0	77.0	79.0	79.0	77.0	-1.0	-1.0	68.0	81.0	78.2	
23:40:02	1744947602.5523314	0	5	0	77.0	78.0	76.0	77.0	76.0	80.0	78.0	-1.0	77.0	78.0	77.4	
23:40:02	1744947602.552785	1	0	0	78.0	79.0	77.0	79.0	79.0	77.0	-1.0	-1.0	68.0	81.0	78.3	
23:40:32	1744947632.3954804	0	5	0	77.0	78.0	76.0	77.0	76.0	80.0	78.0	-1.0	77.0	78.0	77.4	
23:40:32	1744947632.3959095	1	0	0	78.0	79.0	77.0	79.0	79.0	77.0	-1.0	-1.0	68.0	81.0	78.3	
23:41:02	1744947662.4376771	0	5	0	77.0	78.0	76.0	77.0	76.0	80.0	78.0	-1.0	77.0	78.0	77.4	
23:41:02	1744947662.4381099	1	0	0	78.0	80.0	77.0	79.0	79.0	77.0	-1.0	-1.0	68.0	81.0	78.4	
23:41:32	1744947692.43824	0	5	0	77.0	78.0	76.0	77.0	76.0	80.0	78.0	-1.0	77.0	78.0	77.4	
23:41:32	1744947692.4386773	1	0	0	78.0	80.0	77.0	79.0	79.0	77.0	-1.0	-1.0	68.0	81.0	78.4	
23:42:02	1744947722.327238	0	5	0	77.0	78.0	76.0	77.0	76.0	80.0	78.0	-1.0	77.0	78.0	77.4	
23:42:02	1744947722.3276696	1	0	0	78.0	80.0	77.0	79.0	79.0	77.0	-1.0	-1.0	68.0	81.0	78.4	
23:42:35	1744947755.480886	0	5	0	77.0	78.0	76.0	77.0	76.0	80.0	78.0	-1.0	77.0	78.0	77.4	
23:42:35	1744947755.481328	1	0	0	78.0	80.0	77.0	79.0	79.0	77.0	-1.0	-1.0	68.0	81.0	78.4	
23:43:02	1744947782.3527682	0	5	0	77.0	78.0	76.0	77.0	76.0	80.0	78.0	-1.0	77.0	78.0	77.4	
23:43:02	1744947782.3531797	1	0	0	78.0	80.0	77.0	79.0	79.0	77.0	-1.0	-1.0	68.0	81.0	78.3	
23:43:33	1744947813.5768473	0	2	1	77.0	78.0	76.0	77.0	76.0	80.0	78.0	-1.0	77.0	78.0	77.5	
23:43:33	1744947813.577359	1	0	0	78.0	80.0	77.0	79.0	79.0	77.0	-1.0	-1.0	68.0	81.0	78.3	
23:44:02	1744947842.3180625	0	2	1	77.0	78.0	76.0	77.0	76.0	80.0	78.0	-1.0	77.0	78.0	77.5	
23:44:02	1744947842.3185077	1	0	0	78.0	79.0	77.0	79.0	79.0	77.0	-1.0	-1.0	68.0	81.0	78.2	
23:44:32	1744947872.4842286	0	2	1	77.0	78.0	76.0	77.0	76.0	81.0	78.0	-1.0	77.0	78.0	77.6	
23:44:32	1744947872.4846773	1	0	0	78.0	79.0	77.0	79.0	79.0	77.0	-1.0	-1.0	68.0	81.0	78.2	
23:45:02	1744947902.3619804	0	2	1	77.0	78.0	76.0	77.0	76.0	81.0	78.0	-1.0	77.0	78.0	77.6	
23:45:02	1744947902.362431	1	0	0	78.0	79.0	77.0	79.0	79.0	77.0	-1.0	-1.0	68.0	81.0	78.2	
23:45:32	1744947932.3570452	0	2	1	77.0	78.0	76.0	77.0	76.0	81.0	78.0	-1.0	77.0	64.0	77.5	
23:45:32	1744947932.3574958	1	0	0	78.0	79.0	77.0	79.0	79.0	77.0	-1.0	-1.0	68.0	81.0	78.2	
23:46:02	1744947962.4994907	0	2	1	77.0	78.0	76.0	77.0	76.0	81.0	78.0	-1.0	77.0	57.0	77.5	
23:46:02	1744947962.4999437	1	0	0	78.0	79.0	77.0	79.0	79.0	77.0	-1.0	-1.0	68.0	81.0	78.2	
23:46:32	1744947992.3264213	0	2	1	77.0	78.0	76.0	77.0	76.0	80.0	78.0	-1.0	77.0	54.0	77.4	
23:46:32	1744947992.3268712	1	0	0	78.0	79.0	77.0	79.0	79.0	77.0	-1.0	-1.0	68.0	81.0	78.2	
23:47:02	1744948022.5846472	0	2	1	77.0	78.0	76.0	77.0	76.0	80.0	78.0	-1.0	77.0	51.0	77.4	
23:47:02	1744948022.5850956	1	0	0	78.0	79.0	77.0	79.0	79.0	77.0	-1.0	-1.0	68.0	81.0	78.2	
23:47:32	1744948052.4118311	0	2	1	77.0	78.0	76.0	77.0	76.0	80.0	78.0	-1.0	77.0	50.0	77.4	
23:47:32	1744948052.4122515	1	0	0	78.0	79.0	77.0	79.0	79.0	77.0	-1.0	-1.0	68.0	81.0	78.2	
23:48:03	1744948083.6022308	0	2	1	77.0	78.0	76.0	77.0	76.0	80.0	78.0	-1.0	77.0	49.0	77.4	
23:48:03	1744948083.6027565	1	0	0	78.0	79.0	77.0	79.0	79.0	77.0	-1.0	-1.0	68.0	81.0	78.2	
23:48:32	1744948112.348999	0	2	1	77.0	78.0	76.0	77.0	76.0	80.0	78.0	-1.0	77.0	49.0	77.4	
23:48:32	1744948112.3494473	1	0	0	78.0	79.0	77.0	79.0	79.0	77.0	-1.0	-1.0	68.0	81.0	78.2	
23:49:02	1744948142.4876525	0	2	1	77.0	78.0	76.0	77.0	76.0	80.0	78.0	-1.0	77.0	48.0	77.3	
23:49:02	1744948142.488104	1	0	0	78.0	79.0	77.0	79.0	79.0	77.0	-1.0	-1.0	68.0	81.0	78.2	
23:49:32	1744948172.2943568	0	2	1	77.0	78.0	76.0	77.0	76.0	79.0	78.0	-1.0	77.0	48.0	77.3	
23:49:32	1744948172.2948055	1	0	0	78.0	79.0	77.0	79.0	79.0	77.0	-1.0	-1.0	68.0	81.0	78.2	
23:50:02	1744948202.5192275	0	2	1	77.0	78.0	76.0	77.0	76.0	79.0	78.0	-1.0	77.0	48.0	77.3	
23:50:02	1744948202.5196645	1	0	0	78.0	79.0	77.0	79.0	79.0	77.0	-1.0	-1.0	68.0	81.0	78.2	
23:50:32	1744948232.7243297	0	2	1	77.0	78.0	76.0	77.0	76.0	79.0	78.0	-1.0	77.0	48.0	77.2	
23:50:32	1744948232.7248037	1	0	0	78.0	79.0	77.0	79.0	79.0	77.0	-1.0	-1.0	68.0	81.0	78.2	
23:51:02	1744948262.3374205	0	2	1	77.0	78.0	76.0	77.0	76.0	79.0	78.0	-1.0	77.0	47.0	77.2	
23:51:02	1744948262.3378525	1	0	0	78.0	79.0	77.0	79.0	79.0	77.0	-1.0	-1.0	68.0	81.0	78.2	
23:51:32	1744948292.4239311	0	2	1	77.0	78.0	75.0	77.0	76.0	79.0	78.0	-1.0	77.0	47.0	77.1	
23:51:32	1744948292.4243827	1	0	0	78.0	79.0	77.0	79.0	79.0	77.0	-1.0	-1.0	68.0	81.0	78.2	
23:52:02	1744948322.5201485	0	2	1	77.0	78.0	75.0	77.0	76.0	79.0	78.0	-1.0	77.0	47.0	77.1	
23:52:02	1744948322.520618	1	0	0	78.0	79.0	77.0	79.0	79.0	77.0	-1.0	-1.0	68.0	81.0	78.2	
23:52:32	1744948352.636387	0	2	1	77.0	78.0	75.0	77.0	76.0	79.0	78.0	-1.0	77.0	47.0	77.1	
23:52:32	1744948352.6368454	1	0	0	78.0	79.0	77.0	79.0	79.0	77.0	-1.0	-1.0	68.0	81.0	78.2	
23:53:02	1744948382.3444543	0	2	1	77.0	78.0	75.0	77.0	76.0	79.0	78.0	-1.0	77.0	47.0	77.1	
23:53:02	1744948382.3449228	1	0	0	78.0	79.0	77.0	79.0	79.0	77.0	-1.0	-1.0	68.0	81.0	78.2	
23:53:32	1744948412.5450845	0	2	1	77.0	78.0	75.0	77.0	76.0	79.0	78.0	-1.0	77.0	47.0	77.1	
23:53:32	1744948412.5455477	1	0	0	78.0	79.0	77.0	79.0	79.0	77.0	-1.0	-1.0	68.0	81.0	78.2	
23:54:02	1744948442.446367	0	2	1	76.0	78.0	75.0	77.0	76.0	79.0	78.0	-1.0	77.0	47.0	77.0	
23:54:02	1744948442.446817	1	0	0	78.0	79.0	77.0	79.0	79.0	77.0	-1.0	-1.0	68.0	81.0	78.2	
23:54:33	1744948473.8450332	0	5	0	77.0	78.0	75.0	77.0	76.0	79.0	77.0	-1.0	77.0	46.0	77.0	
23:54:33	1744948473.8520217	1	0	0	78.0	79.0	77.0	79.0	79.0	77.0	-1.0	-1.0	68.0	81.0	78.3	
23:55:07	1744948507.6332958	0	5	0	76.0	78.0	75.0	77.0	76.0	79.0	77.0	-1.0	77.0	46.0	77.0	
23:55:07	1744948507.6403008	1	0	0	78.0	79.0	77.0	79.0	79.0	77.0	-1.0	-1.0	68.0	81.0	78.3	
23:55:32	1744948532.4629226	0	5	0	76.0	78.0	75.0	77.0	76.0	79.0	77.0	-1.0	77.0	46.0	77.0	
23:55:32	1744948532.4699152	1	0	0	78.0	79.0	78.0	79.0	79.0	77.0	-1.0	-1.0	68.0	80.0	78.3	
23:56:02	1744948562.4734612	0	5	0	76.0	78.0	75.0	77.0	76.0	79.0	77.0	-1.0	77.0	52.0	77.0	
23:56:02	1744948562.4739256	1	0	0	78.0	79.0	78.0	79.0	79.0	77.0	-1.0	-1.0	68.0	81.0	78.3	
23:56:32	1744948592.4294326	0	5	0	76.0	78.0	75.0	77.0	76.0	79.0	77.0	-1.0	77.0	60.0	77.0	
23:56:32	1744948592.4298472	1	0	0	78.0	79.0	77.0	79.0	79.0	77.0	-1.0	-1.0	68.0	80.0	78.2	
23:57:02	1744948622.356383	0	5	0	76.0	78.0	75.0	77.0	76.0	79.0	77.0	-1.0	76.7	63.0	77.0	
23:57:02	1744948622.3568509	1	0	0	78.0	79.0	77.0	79.0	79.0	77.0	-1.0	-1.0	68.0	80.0	78.1	
23:57:32	1744948652.5100791	0	5	0	76.0	78.0	75.0	77.0	76.0	79.0	77.0	-1.0	76.3	63.0	77.0	
23:57:32	1744948652.5105119	1	0	0	78.0	79.0	77.0	79.0	79.0	77.0	-1.0	-1.0	68.0	80.0	78.1	
23:58:02	1744948682.3863072	0	5	0	76.0	78.0	75.0	77.0	76.0	79.0	77.0	-1.0	76.0	63.0	76.9	
23:58:02	1744948682.3867364	1	0	0	78.0	79.0	77.0	79.0	79.0	76.0	-1.0	-1.0	68.0	80.0	78.0	
23:58:32	1744948712.451564	0	5	0	76.0	78.0	75.0	77.0	76.0	79.0	77.0	-1.0	76.0	63.0	76.9	
23:58:32	1744948712.4520013	1	0	0	78.0	79.0	77.0	79.0	79.0	76.0	-1.0	-1.0	68.0	80.0	78.0	
23:59:02	1744948742.5526712	0	5	0	76.0	78.0	75.0	77.0	76.0	79.0	77.0	-1.0	76.3	63.0	76.8	
23:59:02	1744948742.5531414	1	0	0	78.0	79.0	77.0	79.0	79.0	76.0	-1.0	-1.0	68.0	80.0	78.1	
23:59:32	1744948772.3923972	0	5	0	76.0	78.0	75.0	77.0	76.0	79.0	77.0	-1.0	76.7	63.0	76.8	
23:59:32	1744948772.3928192	1	0	0	78.0	79.0	77.0	79.0	79.0	76.0	-1.0	-1.0	68.0	80.0	78.1	
